3634.66943359375	1.9143475e-16
3640.183189868927	1.9146722e-16
3645.696946144104	2.3439633e-16
3651.210702419281	1.8508088e-16
3656.724458694458	2.084884e-16
3662.238214969635	1.8739609e-16
3667.751971244812	1.8579002e-16
3673.265727519989	1.831091e-16
3678.779483795166	1.6049238e-16
3684.293240070343	1.4057933e-16
3689.80699634552	1.6098695e-16
3695.320752620697	2.3513058e-16
3700.834508895874	1.5791086e-16
3706.348265171051	1.3403811e-16
3711.862021446228	1.3590809e-16
3717.375777721405	1.9746512e-16
3722.889533996582	2.137067e-16
3728.403290271759	1.9821733e-16
3733.917046546936	1.79613e-16
3739.430802822113	1.8401182e-16
3744.94455909729	2.098135e-16
3750.458315372467	1.9180055e-16
3755.972071647644	2.0341073e-16
3761.485827922821	2.0521425e-16
3766.999584197998	1.8989408e-16
3772.513340473175	1.727911e-16
3778.027096748352	1.8426843e-16
3783.540853023529	2.1759189e-16
3789.054609298706	2.1952014e-16
3794.568365573883	2.1722501e-16
3800.08212184906	1.7640282e-16
3805.5958781242375	1.9629122e-16
3811.1096343994145	2.0766585e-16
3816.6233906745915	1.99509e-16
3822.1371469497685	2.1498486e-16
3827.6509032249455	1.9934767e-16
3833.1646595001225	2.2678926e-16
3838.6784157752995	2.0558327e-16
3844.1921720504765	2.3809006e-16
3849.7059283256535	1.8286724e-16
3855.2196846008305	2.322134e-16
3860.7334408760075	2.3917325e-16
3866.2471971511845	2.8556805e-16
3871.7609534263615	2.2892026e-16
3877.2747097015385	2.4110872e-16
3882.7884659767155	2.2640714e-16
3888.3022222518925	2.3972372e-16
3893.8159785270695	2.183623e-16
3899.3297348022465	2.2120535e-16
3904.8434910774236	2.1974908e-16
3910.3572473526006	2.1689945e-16
3915.8710036277776	1.9765886e-16
3921.3847599029546	2.5055383e-16
3926.8985161781316	2.5670453e-16
3932.4122724533086	2.4012794e-16
3937.9260287284856	2.4723296e-16
3943.4397850036626	2.5100845e-16
3948.9535412788396	2.402249e-16
3954.4672975540166	2.3220844e-16
3959.9810538291936	2.354867e-16
3965.4948101043706	2.4109583e-16
3971.0085663795476	2.458511e-16
3976.5223226547246	2.5511886e-16
3982.0360789299016	2.3869743e-16
3987.5498352050786	2.55821e-16
3993.0635914802556	2.4941224e-16
3998.5773477554326	2.368046e-16
4004.0911040306096	2.3682154e-16
4009.6048603057866	2.3581776e-16
4015.1186165809636	2.713201e-16
4020.6323728561406	2.667838e-16
4026.1461291313176	2.6582798e-16
4031.6598854064946	2.6422666e-16
4037.1736416816716	2.7097577e-16
4042.6873979568486	2.6164766e-16
4048.2011542320256	2.6258347e-16
4053.7149105072026	2.7482974e-16
4059.2286667823796	2.92912e-16
4064.7424230575566	3.003065e-16
4070.2561793327336	2.94931e-16
4075.7699356079106	2.785484e-16
4081.2836918830876	2.9445065e-16
4086.797448158265	3.115792e-16
4092.311204433442	3.2654743e-16
4097.824960708619	2.896206e-16
4103.338716983796	3.0327877e-16
4108.852473258973	3.2951175e-16
4114.36622953415	2.9052248e-16
4119.879985809327	3.0099702e-16
4125.393742084504	3.0480245e-16
4130.907498359681	2.7152425e-16
4136.421254634858	2.761662e-16
4141.935010910035	3.1878673e-16
4147.448767185212	2.8522649e-16
4152.962523460389	2.7873716e-16
4158.476279735566	2.9378642e-16
4163.990036010743	3.1379413e-16
4169.50379228592	2.9842252e-16
4175.017548561097	3.0133674e-16
4180.531304836274	3.1969617e-16
4186.045061111451	2.929898e-16
4191.558817386628	3.1835665e-16
4197.072573661805	3.0296537e-16
4202.586329936982	3.0552685e-16
4208.100086212159	3.1391915e-16
4213.613842487336	2.9260613e-16
4219.127598762513	3.0469265e-16
4224.64135503769	3.137121e-16
4230.155111312867	3.0386415e-16
4235.668867588044	3.1198786e-16
4241.182623863221	3.0357952e-16
4246.696380138398	2.9875376e-16
4252.210136413575	3.1622792e-16
4257.723892688752	3.1986338e-16
4263.237648963929	3.1026017e-16
4268.751405239106	2.976354e-16
4274.265161514283	3.0514198e-16
4279.77891778946	3.1017097e-16
4285.292674064637	3.0426448e-16
4290.806430339814	2.9580955e-16
4296.320186614991	2.8369217e-16
4301.833942890168	2.5455339e-16
4307.347699165345	2.7225209e-16
4312.861455440522	2.932125e-16
4318.375211715699	2.827111e-16
4323.888967990876	2.9194415e-16
4329.402724266053	2.712626e-16
4334.91648054123	2.3841495e-16
4340.430236816407	2.4239735e-16
4345.943993091584	2.4914622e-16
4351.457749366761	2.597382e-16
4356.971505641938	2.4249526e-16
4362.485261917115	2.43205e-16
4367.999018192292	2.4746962e-16
4373.512774467469	2.5187912e-16
4379.026530742646	2.4265538e-16
4384.540287017823	2.5289696e-16
4390.054043293	2.566579e-16
4395.567799568177	2.4759946e-16
4401.081555843354	2.5349306e-16
4406.595312118531	2.5307709e-16
4412.109068393708	2.5703114e-16
4417.622824668885	2.619711e-16
4423.136580944062	2.6887285e-16
4428.650337219239	2.646124e-16
4434.164093494416	2.5800383e-16
4439.677849769593	2.6951201e-16
4445.19160604477	2.7101555e-16
4450.705362319947	2.6987528e-16
4456.219118595124	2.5190334e-16
4461.732874870301	2.6725168e-16
4467.246631145478	2.813538e-16
4472.760387420655	2.802209e-16
4478.274143695832	2.9819607e-16
4483.787899971009	2.8089185e-16
4489.301656246186	2.6772353e-16
4494.815412521363	2.9555494e-16
4500.32916879654	2.7693708e-16
4505.842925071717	2.7952124e-16
4511.356681346894	2.736737e-16
4516.870437622071	2.7630959e-16
4522.384193897248	2.7761894e-16
4527.897950172425	2.7227122e-16
4533.411706447602	2.4659098e-16
4538.92546272278	2.749404e-16
4544.439218997957	2.7094935e-16
4549.952975273134	2.6139942e-16
4555.466731548311	2.645509e-16
4560.980487823488	2.6774322e-16
4566.494244098665	2.7142543e-16
4572.008000373842	2.6152412e-16
4577.521756649019	2.6571934e-16
4583.035512924196	2.664866e-16
4588.549269199373	2.652901e-16
4594.06302547455	2.6297017e-16
4599.576781749727	2.5374174e-16
4605.090538024904	2.6212962e-16
4610.604294300081	2.797715e-16
4616.118050575258	2.625475e-16
4621.631806850435	2.7190676e-16
4627.145563125612	2.6774018e-16
4632.659319400789	2.8523107e-16
4638.173075675966	2.9774034e-16
4643.686831951143	2.7325407e-16
4649.20058822632	3.234807e-16
4654.714344501497	3.1232042e-16
4660.228100776674	3.2232274e-16
4665.741857051851	3.2547244e-16
4671.255613327028	3.3094038e-16
4676.769369602205	3.383412e-16
4682.283125877382	3.63103e-16
4687.796882152559	3.6230135e-16
4693.310638427736	3.4081816e-16
4698.824394702913	3.5180963e-16
4704.33815097809	3.5089534e-16
4709.851907253267	3.475463e-16
4715.365663528444	3.5383446e-16
4720.879419803621	3.7804555e-16
4726.393176078798	3.5734345e-16
4731.906932353975	3.548549e-16
4737.420688629152	3.6866392e-16
4742.934444904329	3.5913525e-16
4748.448201179506	3.674486e-16
4753.961957454683	3.7073896e-16
4759.47571372986	3.7468569e-16
4764.989470005037	3.8172527e-16
4770.503226280214	3.6967983e-16
4776.016982555391	3.6458458e-16
4781.530738830568	3.3638405e-16
4787.044495105745	3.6363701e-16
4792.558251380922	3.4926792e-16
4798.072007656099	3.6011807e-16
4803.585763931276	3.4723147e-16
4809.099520206453	3.4052924e-16
4814.61327648163	3.4651837e-16
4820.127032756807	3.3506546e-16
4825.640789031984	3.3206344e-16
4831.154545307161	3.2099912e-16
4836.668301582338	3.238943e-16
4842.182057857515	3.1728997e-16
4847.695814132692	3.1438856e-16
4853.209570407869	3.1033707e-16
4858.723326683046	3.1382452e-16
4864.237082958223	3.1452644e-16
4869.7508392334	3.0556068e-16
4875.264595508577	3.0408583e-16
4880.778351783754	2.9038582e-16
4886.292108058931	2.8966812e-16
4891.805864334108	2.8320152e-16
4897.319620609285	2.8709372e-16
4902.833376884462	2.9439032e-16
4908.347133159639	2.7868668e-16
4913.860889434816	2.9368382e-16
4919.374645709993	2.8828983e-16
4924.88840198517	2.892504e-16
4930.402158260347	2.8006326e-16
4935.915914535524	3.1000014e-16
4941.429670810701	3.185978e-16
4946.943427085878	3.2000479e-16
4952.457183361055	3.4006017e-16
4957.970939636232	3.274893e-16
4963.484695911409	3.3312935e-16
4968.998452186586	3.5187927e-16
4974.512208461763	3.550985e-16
4980.02596473694	3.4284966e-16
4985.539721012117	3.3807364e-16
4991.053477287294	3.3104194e-16
4996.567233562471	3.484765e-16
5002.080989837648	3.5953182e-16
5007.594746112825	3.672757e-16
5013.108502388002	3.4411526e-16
5018.622258663179	3.843254e-16
5024.136014938356	3.704844e-16
5029.649771213533	3.5248053e-16
5035.16352748871	3.6094014e-16
5040.677283763887	3.6589592e-16
5046.191040039064	3.53576e-16
5051.704796314241	3.6548143e-16
5057.218552589418	3.5904538e-16
5062.732308864595	3.524676e-16
5068.246065139772	3.420465e-16
5073.759821414949	3.6327358e-16
5079.273577690126	3.377328e-16
5084.787333965303	3.4020282e-16
5090.30109024048	3.444447e-16
5095.814846515657	3.47881e-16
5101.328602790834	3.3601347e-16
5106.842359066011	3.3741759e-16
5112.356115341188	3.5050237e-16
5117.869871616365	3.4998636e-16
5123.383627891542	3.546769e-16
5128.897384166719	3.5018208e-16
5134.411140441896	3.447602e-16
5139.924896717073	3.5081844e-16
5145.43865299225	3.4173288e-16
5150.952409267427	3.292722e-16
5156.466165542604	3.3261607e-16
5161.979921817781	3.2480058e-16
5167.493678092958	3.3564586e-16
5173.007434368135	3.2380563e-16
5178.521190643312	3.1349775e-16
5184.034946918489	3.169852e-16
5189.548703193666	3.142551e-16
5195.062459468843	3.1076527e-16
5200.57621574402	2.8637925e-16
5206.089972019197	2.8828213e-16
5211.603728294374	2.915954e-16
5217.117484569551	3.0029512e-16
5222.631240844728	2.8970713e-16
5228.144997119905	2.9017115e-16
5233.658753395082	2.74353e-16
5239.172509670259	2.6452955e-16
5244.686265945436	2.8294704e-16
5250.200022220613	2.7607718e-16
5255.71377849579	2.8215335e-16
5261.227534770967	2.7122892e-16
5266.741291046144	2.9282517e-16
5272.255047321321	2.9320511e-16
5277.768803596498	2.7762969e-16
5283.282559871676	2.7920903e-16
5288.796316146853	2.9944311e-16
5294.31007242203	2.856818e-16
5299.823828697207	2.9599273e-16
5305.337584972384	2.9844216e-16
5310.851341247561	2.998564e-16
5316.365097522738	3.158652e-16
5321.878853797915	2.978826e-16
5327.392610073092	3.0739599e-16
5332.906366348269	2.9095537e-16
5338.420122623446	3.0430948e-16
5343.933878898623	3.0740168e-16
5349.4476351738	3.2353593e-16
5354.961391448977	3.2500363e-16
5360.475147724154	3.166505e-16
5365.988903999331	3.0830906e-16
5371.502660274508	3.0690074e-16
5377.016416549685	3.1399556e-16
5382.530172824862	3.1190834e-16
5388.043929100039	3.2751236e-16
5393.557685375216	3.278758e-16
5399.071441650393	3.2658012e-16
5404.58519792557	3.1967174e-16
5410.098954200747	3.171542e-16
5415.612710475924	3.202546e-16
5421.126466751101	3.2478163e-16
5426.640223026278	3.3277304e-16
5432.153979301455	3.2543874e-16
5437.667735576632	3.3250797e-16
5443.181491851809	3.2765892e-16
5448.695248126986	3.2972324e-16
5454.209004402163	3.5595697e-16
5459.72276067734	3.422561e-16
5465.236516952517	3.4683612e-16
5470.750273227694	3.499308e-16
5476.264029502871	3.4071188e-16
5481.777785778048	3.4207717e-16
5487.291542053225	3.475606e-16
5492.805298328402	3.4500144e-16
5498.319054603579	3.4130007e-16
5503.832810878756	3.4497608e-16
5509.346567153933	3.3525643e-16
5514.86032342911	3.4546313e-16
5520.374079704287	3.4789332e-16
5525.887835979464	3.3676246e-16
5531.401592254641	3.353646e-16
5536.915348529818	3.4852293e-16
5542.429104804995	3.3943146e-16
5547.942861080172	3.2933565e-16
5553.456617355349	3.3197273e-16
5558.970373630526	3.227418e-16
5564.484129905703	3.3145418e-16
5569.99788618088	3.365818e-16
5575.511642456057	3.307015e-16
5581.025398731234	3.408095e-16
5586.539155006411	3.4149904e-16
5592.052911281588	3.299411e-16
5597.566667556765	3.2769648e-16
5603.080423831942	3.4423393e-16
5608.594180107119	3.1515873e-16
5614.107936382296	3.276796e-16
5619.621692657473	3.4095353e-16
5625.13544893265	3.2006201e-16
5630.649205207827	3.1347774e-16
5636.162961483004	3.2765074e-16
5641.676717758181	3.2156407e-16
5647.190474033358	3.1123919e-16
5652.704230308535	3.2621814e-16
5658.217986583712	3.3343796e-16
5663.731742858889	3.2775474e-16
5669.245499134066	3.2484894e-16
5674.759255409243	3.198675e-16
5680.27301168442	3.1695626e-16
5685.786767959598	3.0965174e-16
5691.300524234775	3.1509888e-16
5696.814280509952	3.204663e-16
5702.328036785129	3.1250648e-16
5707.841793060306	3.0221537e-16
5713.355549335483	3.0834202e-16
5718.86930561066	3.080729e-16
5724.383061885837	3.164469e-16
5729.896818161014	3.053055e-16
5735.410574436191	2.9472143e-16
5740.924330711368	2.852497e-16
5746.438086986545	2.9541658e-16
5751.951843261722	2.8569167e-16
5757.465599536899	2.8882595e-16
5762.979355812076	3.0521766e-16
5768.493112087253	2.9734636e-16
5774.00686836243	2.9901944e-16
5779.520624637607	2.7776227e-16
5785.034380912784	2.8174796e-16
5790.548137187961	2.845027e-16
5796.061893463138	2.89756e-16
5801.575649738315	2.9327645e-16
5807.089406013492	2.936262e-16
5812.603162288669	2.7803756e-16
5818.116918563846	2.8085347e-16
5823.630674839023	2.8326013e-16
5829.1444311142	2.6389523e-16
5834.658187389377	2.899362e-16
5840.171943664554	2.7154426e-16
5845.685699939731	2.782901e-16
5851.199456214908	2.6460936e-16
5856.713212490085	2.7326532e-16
5862.226968765262	2.7296987e-16
5867.740725040439	2.622579e-16
5873.254481315616	2.5386234e-16
5878.768237590793	2.638235e-16
5884.28199386597	2.414031e-16
5889.795750141147	2.4307233e-16
5895.309506416324	2.539775e-16
5900.823262691501	2.385009e-16
5906.337018966678	2.3918572e-16
5911.850775241855	2.4291534e-16
5917.364531517032	2.4888073e-16
5922.878287792209	2.5054544e-16
5928.392044067386	2.4431435e-16
5933.905800342563	2.480584e-16
5939.41955661774	2.4719357e-16
5944.9333128929175	2.5240695e-16
5950.4470691680945	2.4278376e-16
5955.9608254432715	2.566547e-16
5961.4745817184485	2.6134852e-16
5966.9883379936255	2.5848955e-16
5972.5020942688025	2.6511533e-16
5978.0158505439795	2.6880014e-16
5983.5296068191565	2.4920885e-16
5989.0433630943335	2.589868e-16
5994.5571193695105	2.6840706e-16
6000.0708756446875	2.7212657e-16
6005.5846319198645	2.799341e-16
6011.0983881950415	2.7737563e-16
6016.6121444702185	2.750228e-16
6022.1259007453955	2.8093153e-16
6027.6396570205725	2.8172162e-16
6033.1534132957495	2.887696e-16
6038.6671695709265	2.925657e-16
6044.1809258461035	2.923936e-16
6049.6946821212805	2.8575122e-16
6055.2084383964575	2.9243667e-16
6060.7221946716345	2.9729083e-16
6066.2359509468115	2.836959e-16
6071.7497072219885	3.0125209e-16
6077.2634634971655	2.9699982e-16
6082.7772197723425	2.8975565e-16
6088.2909760475195	2.804613e-16
6093.8047323226965	2.741883e-16
6099.3184885978735	2.8242704e-16
6104.8322448730505	2.8998446e-16
6110.3460011482275	2.7755422e-16
6115.8597574234045	2.771386e-16
6121.3735136985815	2.881434e-16
6126.8872699737585	2.817983e-16
6132.4010262489355	2.710113e-16
6137.9147825241125	2.645558e-16
6143.4285387992895	2.7868729e-16
6148.9422950744665	2.741156e-16
6154.4560513496435	2.7836552e-16
6159.9698076248205	2.7061035e-16
6165.4835638999975	2.752912e-16
6170.9973201751745	2.7525357e-16
6176.5110764503515	2.7792006e-16
6182.0248327255285	2.593907e-16
6187.5385890007055	2.695078e-16
6193.0523452758825	2.7820869e-16
6198.56610155106	2.7309054e-16
6204.079857826237	2.611863e-16
6209.593614101414	2.723273e-16
6215.107370376591	2.5418845e-16
6220.621126651768	2.5355172e-16
6226.134882926945	2.5911498e-16
6231.648639202122	2.5679146e-16
6237.162395477299	2.6718897e-16
6242.676151752476	2.6093104e-16
6248.189908027653	2.5687005e-16
6253.70366430283	2.619871e-16
6259.217420578007	2.4840236e-16
6264.731176853184	2.5174465e-16
6270.244933128361	2.5023624e-16
6275.758689403538	2.5580173e-16
6281.272445678715	2.5624475e-16
6286.786201953892	2.6287612e-16
6292.299958229069	2.6970387e-16
6297.813714504246	2.6714564e-16
6303.327470779423	2.67812e-16
6308.8412270546	2.6708802e-16
6314.354983329777	2.5444028e-16
6319.868739604954	2.4211277e-16
6325.382495880131	2.454115e-16
6330.896252155308	2.5937994e-16
6336.410008430485	2.5674606e-16
6341.923764705662	2.591313e-16
6347.437520980839	2.6084078e-16
6352.951277256016	2.5049345e-16
6358.465033531193	2.4908857e-16
6363.97878980637	2.4575592e-16
6369.492546081547	2.4746094e-16
6375.006302356724	2.544441e-16
6380.520058631901	2.4477868e-16
6386.033814907078	2.5745958e-16
6391.547571182255	2.5374696e-16
6397.061327457432	2.514767e-16
6402.575083732609	2.4017217e-16
6408.088840007786	2.613729e-16
6413.602596282963	2.4459516e-16
6419.11635255814	2.5349954e-16
6424.630108833317	2.5695327e-16
6430.143865108494	2.5085143e-16
6435.657621383671	2.5709856e-16
6441.171377658848	2.3880487e-16
6446.685133934025	2.3426234e-16
6452.198890209202	2.3632105e-16
6457.712646484379	2.3675397e-16
6463.226402759556	2.3318491e-16
6468.740159034733	2.3664962e-16
6474.25391530991	2.4092097e-16
6479.767671585087	2.3335366e-16
6485.281427860264	2.4561134e-16
6490.795184135441	2.418325e-16
6496.308940410618	2.4120097e-16
6501.822696685795	2.5547308e-16
6507.336452960972	2.4055918e-16
6512.850209236149	2.385209e-16
6518.363965511326	2.4949324e-16
6523.877721786503	2.4185324e-16
6529.39147806168	2.416387e-16
6534.905234336857	2.5391758e-16
6540.418990612034	2.591287e-16
6545.932746887211	2.479818e-16
6551.446503162388	2.537585e-16
6556.960259437565	2.6161965e-16
6562.474015712742	2.6325548e-16
6567.987771987919	2.8003994e-16
6573.501528263096	2.7594655e-16
6579.015284538273	2.7913862e-16
6584.52904081345	2.7283278e-16
6590.042797088627	2.7924143e-16
6595.556553363804	2.887805e-16
6601.070309638981	2.8140631e-16
6606.584065914158	2.7670414e-16
6612.097822189335	2.8188703e-16
6617.611578464513	3.048003e-16
6623.12533473969	2.9857446e-16
6628.639091014867	2.9612674e-16
6634.152847290044	3.002264e-16
6639.666603565221	3.0876355e-16
6645.180359840398	3.1359272e-16
6650.694116115575	3.1589106e-16
6656.207872390752	3.2366958e-16
6661.721628665929	3.1708133e-16
6667.235384941106	3.2872176e-16
6672.749141216283	3.356046e-16
6678.26289749146	3.4233178e-16
6683.776653766637	3.4866687e-16
6689.290410041814	3.57019e-16
6694.804166316991	3.685299e-16
6700.317922592168	3.6410953e-16
6705.831678867345	3.6422568e-16
6711.345435142522	3.8347715e-16
6716.859191417699	3.8205437e-16
6722.372947692876	3.6885598e-16
6727.886703968053	3.8122774e-16
6733.40046024323	3.9405476e-16
6738.914216518407	3.8840487e-16
6744.427972793584	3.849742e-16
6749.941729068761	3.8039921e-16
6755.455485343938	3.8261428e-16
6760.969241619115	4.0008797e-16
6766.482997894292	4.0327638e-16
6771.996754169469	3.8993598e-16
6777.510510444646	3.8826524e-16
6783.024266719823	3.8580834e-16
6788.538022995	3.8154332e-16
6794.051779270177	3.626376e-16
6799.565535545354	3.766089e-16
6805.079291820531	3.776725e-16
6810.593048095708	3.7332382e-16
6816.106804370885	3.598136e-16
6821.620560646062	3.547855e-16
6827.134316921239	3.7849908e-16
6832.648073196416	3.4927073e-16
6838.161829471593	3.6187164e-16
6843.67558574677	3.6085528e-16
6849.189342021947	3.4819155e-16
6854.703098297124	3.475182e-16
6860.216854572301	3.2956654e-16
6865.730610847478	2.9772822e-16
6871.244367122655	2.9328656e-16
6876.758123397832	3.0648585e-16
6882.271879673009	3.1247927e-16
6887.785635948186	3.0299184e-16
6893.299392223363	2.9671188e-16
6898.81314849854	3.0467947e-16
6904.326904773717	3.1130065e-16
6909.840661048894	2.9484576e-16
6915.354417324071	2.8027566e-16
6920.868173599248	2.8555431e-16
6926.381929874425	2.9558485e-16
6931.895686149603	2.9567458e-16
6937.40944242478	2.7233607e-16
6942.923198699957	2.7990122e-16
6948.436954975134	2.794501e-16
6953.950711250311	2.7901024e-16
6959.464467525488	2.7173352e-16
6964.978223800665	2.6673862e-16
6970.491980075842	2.5877254e-16
6976.005736351019	2.5780718e-16
6981.519492626196	2.5540825e-16
6987.033248901373	2.4849662e-16
6992.54700517655	2.3388618e-16
6998.060761451727	2.325709e-16
7003.574517726904	2.3804402e-16
7009.088274002081	2.5724518e-16
7014.602030277258	2.409936e-16
7020.115786552435	2.3465417e-16
7025.629542827612	2.2829237e-16
7031.143299102789	2.241383e-16
7036.657055377966	2.2651866e-16
7042.170811653143	2.2146207e-16
7047.68456792832	2.1817058e-16
7053.198324203497	2.1962454e-16
7058.712080478674	2.242608e-16
7064.225836753851	2.1952855e-16
7069.739593029028	2.0901409e-16
7075.253349304205	2.240724e-16
7080.767105579382	2.1433806e-16
7086.280861854559	2.1630032e-16
7091.794618129736	2.2007901e-16
7097.308374404913	2.0140765e-16
7102.82213068009	2.1285092e-16
7108.335886955267	2.0881556e-16
7113.849643230444	2.101956e-16
7119.363399505621	2.1504832e-16
7124.877155780798	2.1282384e-16
7130.390912055975	2.1335777e-16
7135.904668331152	2.0812617e-16
7141.418424606329	2.1552907e-16
7146.932180881506	2.0930646e-16
7152.445937156683	1.931451e-16
7157.95969343186	2.0344789e-16
7163.473449707037	2.0403148e-16
7168.987205982214	2.0298234e-16
7174.500962257391	1.9915321e-16
7180.014718532568	1.9570515e-16
7185.528474807745	2.0504142e-16
7191.042231082922	2.1049669e-16
7196.555987358099	2.0326127e-16
7202.069743633276	1.9794009e-16
7207.583499908453	2.0539264e-16
7213.09725618363	2.0726339e-16
7218.611012458807	2.0314531e-16
7224.124768733984	2.0861267e-16
7229.638525009161	2.0220426e-16
7235.152281284338	1.9383555e-16
7240.666037559515	1.9711334e-16
7246.179793834692	2.0927585e-16
7251.693550109869	2.0652167e-16
7257.207306385046	1.9232101e-16
7262.721062660223	2.0575171e-16
7268.2348189354	1.950476e-16
7273.748575210577	2.0112633e-16
7279.262331485754	1.952221e-16
7284.776087760931	1.9409621e-16
7290.289844036108	1.8994517e-16
7295.803600311285	1.9972689e-16
7301.317356586462	2.0682595e-16
7306.831112861639	2.0044254e-16
7312.344869136816	1.9272865e-16
7317.858625411993	1.9914656e-16
7323.37238168717	1.9802655e-16
7328.886137962347	2.075877e-16
7334.399894237524	1.9593198e-16
7339.913650512701	1.8685966e-16
7345.427406787878	2.0242804e-16
7350.941163063055	1.9690232e-16
7356.454919338232	1.8757778e-16
7361.968675613409	1.9635437e-16
7367.482431888586	1.9098097e-16
7372.996188163763	1.8340737e-16
7378.50994443894	1.9995412e-16
7384.023700714117	1.947921e-16
7389.537456989294	2.0106513e-16
7395.051213264471	1.8770009e-16
7400.564969539648	1.7741642e-16
7406.078725814825	1.847447e-16
7411.592482090002	1.9713824e-16
7417.106238365179	1.9849108e-16
7422.619994640356	1.8383991e-16
7428.133750915533	1.8528527e-16
7433.64750719071	1.8616761e-16
7439.161263465887	1.8186132e-16
7444.675019741064	1.8935341e-16
7450.188776016241	1.925789e-16
7455.702532291418	1.9109098e-16
7461.216288566595	1.8062917e-16
7466.730044841772	1.8461353e-16
7472.243801116949	1.9499457e-16
7477.757557392126	1.939732e-16
7483.271313667303	1.9893635e-16
7488.78506994248	1.8979422e-16
7494.298826217657	1.8128427e-16
7499.812582492834	1.7959577e-16
7505.326338768011	1.8344883e-16
7510.840095043188	2.0008477e-16
7516.353851318365	2.0118173e-16
7521.867607593542	1.9086946e-16
7527.381363868719	1.8194108e-16
7532.895120143896	1.7790568e-16
7538.408876419073	1.7942518e-16
7543.92263269425	1.8513698e-16
7549.436388969427	1.9644526e-16
7554.950145244604	1.9955597e-16
7560.463901519781	1.8733887e-16
7565.977657794958	1.673023e-16
7571.491414070135	1.7811806e-16
7577.005170345312	1.8392992e-16
7582.518926620489	1.9463713e-16
7588.032682895666	2.021444e-16
7593.546439170843	1.7214697e-16
7599.06019544602	1.2768548e-16
7604.573951721197	1.0020293e-16
7610.087707996374	1.4584888e-16
7615.601464271551	1.7822333e-16
7621.115220546728	1.7603188e-16
7626.628976821905	1.6061865e-16
7632.142733097082	1.3747748e-16
7637.656489372259	1.3026139e-16
7643.170245647436	1.4047729e-16
7648.684001922613	1.7225234e-16
7654.19775819779	1.8210491e-16
7659.711514472967	1.6203218e-16
7665.225270748144	1.6216172e-16
7670.739027023321	1.5970604e-16
7676.252783298498	1.7204e-16
7681.766539573675	1.7481763e-16
7687.280295848852	1.6969445e-16
7692.794052124029	1.6562238e-16
7698.307808399206	1.6528329e-16
7703.821564674383	1.5437452e-16
7709.33532094956	1.728362e-16
7714.849077224737	1.7637238e-16
7720.362833499914	1.7654143e-16
7725.876589775091	1.6308113e-16
7731.390346050269	1.6177981e-16
7736.904102325446	1.6310285e-16
7742.417858600623	1.63657e-16
7747.9316148758	1.7264437e-16
7753.445371150977	1.7135171e-16
7758.959127426154	1.6900499e-16
7764.472883701331	1.6782387e-16
7769.986639976508	1.6804583e-16
7775.500396251685	1.5694353e-16
7781.014152526862	1.6201453e-16
7786.527908802039	1.7445516e-16
7792.041665077216	1.6203595e-16
7797.555421352393	1.7986243e-16
7803.06917762757	1.5818377e-16
7808.582933902747	1.3636975e-16
7814.096690177924	1.4325682e-16
7819.610446453101	1.6107929e-16
7825.124202728278	1.5182512e-16
7830.637959003455	1.4542858e-16
7836.151715278632	1.5508084e-16
7841.665471553809	1.3547674e-16
7847.179227828986	1.2442402e-16
7852.692984104163	1.366798e-16
7858.20674037934	1.4830006e-16
7863.720496654517	1.6698009e-16
7869.234252929694	1.5590835e-16
7874.748009204871	1.3975464e-16
7880.261765480048	1.3242271e-16
7885.775521755225	1.4560107e-16
7891.289278030402	1.454699e-16
7896.803034305579	1.4529208e-16
7902.316790580756	1.5329735e-16
7907.830546855933	1.4354675e-16
7913.34430313111	1.300192e-16
7918.858059406287	1.4280949e-16
7924.371815681464	1.7255985e-16
7929.885571956641	1.7318673e-16
7935.399328231818	1.634412e-16
7940.913084506995	1.6210806e-16
7946.426840782172	1.6038096e-16
7951.940597057349	1.6080324e-16
7957.454353332526	1.6778906e-16
7962.968109607703	1.750732e-16
7968.48186588288	1.83624e-16
7973.995622158057	1.638883e-16
7979.509378433234	1.6145586e-16
7985.023134708411	1.5320867e-16
7990.536890983588	1.6816452e-16
7996.050647258765	1.788779e-16
8001.564403533942	1.770498e-16
8007.078159809119	1.7871658e-16
8012.591916084296	1.6406332e-16
8018.105672359473	1.692821e-16
8023.61942863465	1.6227144e-16
8029.133184909827	1.6386776e-16
8034.646941185004	1.5889588e-16
8040.160697460181	1.7614185e-16
8045.674453735358	1.8136033e-16
8051.188210010535	1.5835871e-16
8056.701966285712	1.5627439e-16
8062.215722560889	1.69867e-16
8067.729478836066	1.8931622e-16
8073.243235111243	1.7082176e-16
8078.75699138642	1.6879528e-16
8084.270747661597	1.5730519e-16
8089.784503936774	1.673311e-16
8095.298260211951	1.7198308e-16
8100.812016487128	1.7709065e-16
8106.325772762305	1.8239768e-16
8111.839529037482	1.6607795e-16
8117.353285312659	1.6598724e-16
8122.867041587836	1.5735078e-16
8128.380797863013	1.5223821e-16
8133.89455413819	1.608826e-16
8139.408310413367	1.7119915e-16
8144.922066688544	1.6520962e-16
8150.435822963721	1.5945062e-16
8155.949579238898	1.6264134e-16
8161.463335514075	1.5077499e-16
8166.977091789252	1.5160718e-16
8172.490848064429	1.547383e-16
8178.004604339606	1.6272548e-16
8183.518360614783	1.6769046e-16
8189.03211688996	1.6509474e-16
8194.545873165138	1.5673713e-16
8200.059629440315	1.4872817e-16
8205.573385715492	1.3884066e-16
8211.087141990669	1.5865872e-16
8216.600898265846	1.8363043e-16
8222.114654541023	1.6049997e-16
8227.6284108162	1.5009125e-16
8233.142167091377	1.4049534e-16
8238.655923366554	1.4050732e-16
8244.16967964173	1.5596915e-16
8249.683435916908	1.6249378e-16
8255.197192192085	1.6237292e-16
8260.710948467262	1.5934216e-16
8266.224704742439	1.4712522e-16
8271.738461017616	1.4885087e-16
8277.252217292793	1.3747746e-16
8282.76597356797	1.446382e-16
8288.279729843147	1.6426012e-16
8293.793486118324	1.7642263e-16
8299.307242393501	1.6464862e-16
8304.820998668678	1.5035935e-16
8310.334754943855	1.3518854e-16
8315.848511219032	1.3873681e-16
8321.362267494209	1.4749035e-16
8326.876023769386	1.6187704e-16
8332.389780044563	1.4686927e-16
8337.90353631974	1.3660268e-16
8343.417292594917	1.5559089e-16
8348.931048870094	1.4143412e-16
8354.444805145271	1.4235547e-16
8359.958561420448	1.5673041e-16
8365.472317695625	1.5845525e-16
8370.986073970802	1.4478351e-16
8376.499830245979	1.5168278e-16
8382.013586521156	1.4941265e-16
8387.527342796333	1.3406822e-16
8393.04109907151	1.484588e-16
8398.554855346687	1.6632702e-16
8404.068611621864	1.4661582e-16
8409.582367897041	1.5191883e-16
8415.096124172218	1.3904529e-16
8420.609880447395	1.3160714e-16
8426.123636722572	1.411663e-16
8431.637392997749	1.3989754e-16
8437.151149272926	1.5369979e-16
8442.664905548103	1.5080944e-16
8448.17866182328	1.3068489e-16
8453.692418098457	1.2645328e-16
8459.206174373634	1.394519e-16
8464.719930648811	1.3367437e-16
8470.233686923988	1.3517116e-16
8475.747443199165	1.4408983e-16
8481.261199474342	1.4431623e-16
8486.774955749519	1.4029416e-16
8492.288712024696	1.3381372e-16
8497.802468299873	1.355233e-16
8503.31622457505	1.4578937e-16
8508.829980850227	1.574734e-16
8514.343737125404	1.6331957e-16
8519.857493400581	1.3766616e-16
8525.371249675758	1.5003644e-16
8530.885005950935	1.3888889e-16
8536.398762226112	1.2729345e-16
8541.912518501289	1.529483e-16
8547.426274776466	1.6675871e-16
8552.940031051643	1.4189435e-16
8558.45378732682	1.3788982e-16
8563.967543601997	1.3071029e-16
8569.481299877174	1.3229212e-16
8574.995056152351	1.3526131e-16
8580.508812427528	1.5154718e-16
8586.022568702705	1.3269867e-16
8591.536324977882	1.4171244e-16
8597.050081253059	1.4666004e-16
8602.563837528236	1.2355786e-16
8608.077593803413	1.2935188e-16
8613.59135007859	1.2407185e-16
8619.105106353767	1.3472668e-16
8624.618862628944	1.4506228e-16
8630.132618904121	1.5121596e-16
8635.646375179298	1.6062003e-16
8641.160131454475	1.3215292e-16
8646.673887729652	1.2306978e-16
8652.187644004829	1.3845185e-16
8657.701400280006	1.5298053e-16
8663.215156555183	1.5128771e-16
8668.72891283036	1.6276749e-16
8674.242669105537	1.5032116e-16
8679.756425380714	1.4425767e-16
8685.270181655891	1.2579388e-16
8690.783937931068	1.4118294e-16
8696.297694206245	1.694167e-16
8701.811450481422	1.554099e-16
8707.325206756599	1.5358036e-16
8712.838963031776	1.3391388e-16
8718.352719306953	1.3333499e-16
8723.86647558213	1.3018297e-16
8729.380231857307	1.3960364e-16
8734.893988132484	1.5549595e-16
8740.407744407661	1.6084849e-16
8745.921500682838	1.557605e-16
8751.435256958015	1.5522259e-16
8756.949013233192	1.2870128e-16
8762.46276950837	1.2599013e-16
8767.976525783546	1.4660522e-16
8773.490282058723	1.4704121e-16
8779.0040383339	1.6050186e-16
8784.517794609077	1.5510818e-16
8790.031550884254	1.3762294e-16
8795.545307159431	1.454592e-16
8801.059063434608	1.4008785e-16
8806.572819709785	1.493496e-16
8812.086575984962	1.7756828e-16
8817.60033226014	1.831516e-16
8823.114088535316	1.6518986e-16
8828.627844810493	1.5819786e-16
8834.14160108567	1.3103768e-16
8839.655357360847	1.675623e-16
8845.169113636024	1.7036265e-16
8850.682869911201	1.7883625e-16
8856.196626186378	1.6899345e-16
8861.710382461555	1.4569455e-16
8867.224138736732	1.6211648e-16
8872.73789501191	1.4432921e-16
8878.251651287086	1.6995703e-16
8883.765407562263	1.6627903e-16
8889.27916383744	1.9577627e-16
8894.792920112617	1.576121e-16
8900.306676387794	1.4495632e-16
8905.820432662971	1.4341832e-16
8911.334188938148	1.5593658e-16
8916.847945213325	1.6519562e-16
8922.361701488502	1.589864e-16
8927.87545776368	1.5825668e-16
8933.389214038856	1.675065e-16
8938.902970314033	1.4814416e-16
8944.41672658921	1.5188988e-16
8949.930482864387	1.6611183e-16
8955.444239139564	1.7440808e-16
8960.957995414741	1.678266e-16
8966.471751689918	1.4737763e-16
8971.985507965095	1.3438282e-16
8977.499264240272	1.3439737e-16
8983.01302051545	1.42901e-16
8988.526776790626	1.2782953e-16
8994.040533065803	1.504046e-16
8999.55428934098	1.3611657e-16
9005.068045616157	1.316514e-16
9010.581801891334	1.5654614e-16
9016.095558166511	1.5664146e-16
9021.609314441688	1.6479813e-16
9027.123070716865	1.5566949e-16
9032.636826992042	1.4865017e-16
9038.15058326722	1.2926931e-16
9043.664339542396	1.3328681e-16
9049.178095817573	1.2224444e-16
9054.69185209275	1.4012002e-16
9060.205608367927	1.3101243e-16
9065.719364643104	1.3091531e-16
9071.233120918281	1.2271611e-16
9076.746877193458	1.2152494e-16
9082.260633468635	1.4336246e-16
9087.774389743812	1.4186665e-16
9093.28814601899	1.3166162e-16
9098.801902294166	1.10439306e-16
9104.315658569343	1.2096533e-16
9109.82941484452	1.3200687e-16
9115.343171119697	1.3530062e-16
9120.856927394874	1.324781e-16
9126.370683670051	1.1575487e-16
9131.884439945228	1.2274402e-16
9137.398196220405	1.3165351e-16
9142.911952495582	1.3141032e-16
9148.42570877076	1.2121367e-16
9153.939465045936	1.1281014e-16
9159.453221321113	1.1406758e-16
9164.96697759629	9.2197485e-17
9170.480733871467	9.81251e-17
9175.994490146644	1.2686874e-16
9181.508246421821	1.2545585e-16
9187.022002696998	1.0878903e-16
9192.535758972175	1.0862506e-16
9198.049515247352	1.2299736e-16
9203.56327152253	1.2846405e-16
9209.077027797706	1.1831003e-16
9214.590784072883	1.1806128e-16
9220.10454034806	8.457799e-17
9225.618296623237	1.1562683e-16
