3634.77709960937	0.0
3640.291410922999	3.6870464e-17
3645.8057222366283	-2.695771e-17
3651.3200335502574	8.84131e-18
3656.8343448638866	2.009533e-17
3662.3486561775157	6.904365e-17
3667.862967491145	-1.2973414e-17
3673.377278804774	-3.542536e-17
3678.891590118403	1.1368792e-17
3684.4059014320324	3.057195e-17
3689.9202127456615	3.4681843e-17
3695.4345240592907	-1.09270096e-17
3700.94883537292	7.0373755e-18
3706.463146686549	2.5195978e-17
3711.977458000178	-6.5952785e-18
3717.4917693138073	1.9143368e-17
3723.0060806274364	1.9959733e-17
3728.5203919410656	2.0385113e-17
3734.0347032546947	4.95299e-20
3739.549014568324	1.1165763e-17
3745.063325881953	1.0951129e-17
3750.577637195582	9.184151e-18
3756.0919485092113	-1.0063559e-17
3761.606259822841	2.4756248e-17
3767.12057113647	2.5096028e-17
3772.634882450099	2.8947682e-17
3778.1491937637284	3.7924802e-19
3783.6635050773575	2.1123414e-17
3789.1778163909867	4.2909783e-17
3794.692127704616	2.8929017e-17
3800.206439018245	3.8569364e-17
3805.720750331874	5.220997e-18
3811.2350616455033	1.7434544e-18
3816.7493729591324	5.4629196e-18
3822.2636842727616	2.6219164e-17
3827.7779955863907	1.6801347e-18
3833.29230690002	1.0327333e-17
3838.806618213649	2.3961986e-17
3844.320929527278	2.3888346e-17
3849.8352408409073	1.0131018e-17
3855.3495521545365	1.921413e-17
3860.8638634681656	2.1611223e-17
3866.3781747817948	1.5085285e-17
3871.892486095424	1.9808314e-17
3877.406797409053	1.0094396e-17
3882.921108722682	2.1898229e-17
3888.4354200363114	2.335983e-17
3893.9497313499405	1.24819826e-17
3899.4640426635697	2.7516744e-17
3904.978353977199	2.2774985e-17
3910.492665290828	2.5858884e-18
3916.006976604457	2.264842e-17
3921.5212879180863	1.787508e-17
3927.0355992317154	1.9804633e-17
3932.5499105453446	2.3685893e-17
3938.0642218589737	3.520222e-18
3943.578533172603	2.933835e-17
3949.092844486232	1.1433488e-17
3954.607155799861	1.984547e-17
3960.1214671134903	2.0108797e-17
3965.6357784271195	2.445784e-17
3971.1500897407486	1.869354e-17
3976.664401054378	2.4330466e-17
3982.178712368007	3.1276897e-17
3987.693023681636	3.5604017e-17
3993.2073349952652	3.0646155e-17
3998.7216463088944	1.992662e-17
4004.2359576225235	1.7971003e-17
4009.7502689361527	2.3180105e-17
4015.264580249782	2.558796e-17
4020.778891563411	2.4199994e-17
4026.29320287704	3.6740987e-17
4031.8075141906693	5.0813745e-17
4037.321825504299	2.3453682e-17
4042.836136817928	2.4453004e-17
4048.350448131557	2.8960162e-17
4053.8647594451863	1.4212693e-17
4059.3790707588155	3.1060056e-17
4064.8933820724446	1.4168208e-17
4070.407693386074	1.5959777e-17
4075.922004699703	2.5857802e-17
4081.436316013332	3.9009785e-17
4086.9506273269612	3.9860705e-17
4092.4649386405904	2.8347728e-17
4097.979249954219	3.1104972e-17
4103.493561267848	2.3375102e-17
4109.007872581477	1.9600126e-17
4114.5221838951065	2.1799306e-17
4120.036495208736	1.9912353e-17
4125.550806522365	2.3854448e-17
4131.065117835994	3.170397e-17
4136.579429149624	3.003392e-17
4142.093740463253	2.8593715e-17
4147.608051776882	2.6785855e-17
4153.1223630905115	2.123791e-17
4158.636674404141	1.4863795e-17
4164.15098571777	1.0820024e-17
4169.665297031399	9.974916e-18
4175.179608345028	3.7486148e-17
4180.693919658657	1.9294865e-17
4186.208230972286	3.1508405e-17
4191.722542285916	3.2167386e-17
4197.236853599545	1.7691147e-17
4202.751164913174	2.4693194e-17
4208.265476226803	4.379161e-17
4213.779787540432	3.313433e-17
4219.294098854061	1.782905e-17
4224.80841016769	2.2834223e-17
4230.32272148132	1.8693205e-17
4235.837032794949	2.0811729e-17
4241.351344108578	1.1183827e-17
4246.865655422207	2.5140967e-17
4252.379966735836	2.4608746e-17
4257.894278049465	8.954201e-18
4263.4085893630945	2.23041e-17
4268.922900676724	2.0547185e-17
4274.437211990353	2.6335953e-17
4279.951523303982	2.60448e-17
4285.465834617611	2.8207547e-17
4290.98014593124	3.1264936e-17
4296.494457244869	2.6725564e-17
4302.008768558499	2.6499831e-17
4307.523079872128	1.2161478e-17
4313.037391185757	2.0445946e-17
4318.551702499386	1.9230541e-17
4324.066013813015	2.3500496e-17
4329.580325126644	2.8434506e-17
4335.0946364402735	1.3173229e-17
4340.608947753903	2.952872e-17
4346.123259067532	1.172084e-17
4351.637570381161	1.1670999e-17
4357.15188169479	1.539693e-17
4362.666193008419	1.1877356e-17
4368.180504322048	2.0082398e-17
4373.6948156356775	2.5805863e-17
4379.209126949307	2.3310108e-17
4384.723438262936	3.422623e-17
4390.237749576565	2.5096594e-17
4395.752060890194	2.0575016e-17
4401.266372203823	2.0214408e-17
4406.780683517452	2.602922e-17
4412.294994831082	1.7329692e-17
4417.809306144711	2.6038441e-17
4423.32361745834	1.4520549e-17
4428.837928771969	1.89343e-17
4434.352240085598	2.387076e-17
4439.866551399227	1.4105683e-17
4445.3808627128565	1.691203e-17
4450.895174026486	2.0315455e-17
4456.409485340115	2.1897785e-17
4461.923796653744	1.3119525e-17
4467.438107967373	1.657811e-17
4472.952419281002	2.008447e-17
4478.466730594631	2.6940364e-17
4483.9810419082605	2.3223822e-17
4489.49535322189	2.0978973e-17
4495.009664535519	1.9953289e-17
4500.523975849148	2.789855e-17
4506.038287162777	2.1167894e-17
4511.552598476406	2.3993811e-17
4517.066909790035	1.4418504e-17
4522.581221103665	2.0431234e-17
4528.095532417294	1.6649119e-17
4533.609843730923	3.3507852e-17
4539.124155044552	1.8536049e-17
4544.638466358181	2.6539916e-17
4550.15277767181	2.0112827e-17
4555.6670889854395	2.5014046e-17
4561.181400299069	2.8054505e-17
4566.695711612698	2.3888926e-17
4572.210022926327	2.443184e-17
4577.724334239956	2.6404123e-17
4583.238645553585	2.3205786e-17
4588.752956867214	2.6199184e-17
4594.2672681808435	6.6323143e-18
4599.781579494473	1.5642558e-17
4605.295890808102	1.8651642e-17
4610.810202121731	5.2441443e-18
4616.32451343536	2.9202106e-17
4621.838824748989	3.4251614e-17
4627.353136062618	2.5284422e-17
4632.867447376248	2.768723e-17
4638.381758689877	1.4611519e-17
4643.896070003506	1.8233508e-17
4649.410381317135	2.713505e-17
4654.924692630764	2.0298575e-17
4660.439003944393	2.780026e-17
4665.9533152580225	1.57459e-17
4671.467626571652	1.5967367e-17
4676.981937885281	2.078058e-17
4682.49624919891	1.761556e-17
4688.010560512539	2.0145158e-17
4693.524871826168	3.399347e-17
4699.039183139797	1.9270747e-17
4704.5534944534265	3.685668e-17
4710.067805767056	2.4752013e-17
4715.582117080685	2.4881189e-17
4721.096428394314	3.0848983e-17
4726.610739707944	2.5709147e-17
4732.125051021573	2.1260712e-17
4737.639362335202	2.4007246e-17
4743.1536736488315	1.6405607e-17
4748.667984962461	2.3645878e-17
4754.18229627609	1.8874948e-17
4759.696607589719	2.8652527e-17
4765.210918903348	2.4400567e-17
4770.725230216977	3.168868e-17
4776.239541530606	3.8792226e-17
4781.753852844236	2.7821287e-17
4787.268164157865	2.2796388e-17
4792.782475471494	2.6470739e-17
4798.296786785123	1.7097466e-17
4803.811098098752	2.4162497e-17
4809.325409412381	2.2621168e-17
4814.8397207260105	1.8504947e-17
4820.35403203964	1.6699835e-17
4825.868343353269	1.8376772e-17
4831.382654666898	3.0106727e-17
4836.896965980527	2.633504e-17
4842.411277294156	2.4161256e-17
4847.925588607785	1.9716455e-17
4853.4398999214145	1.5797207e-17
4858.954211235044	1.6461728e-17
4864.468522548673	2.3186162e-17
4869.982833862302	2.784622e-17
4875.497145175931	2.1695897e-17
4881.01145648956	1.4140939e-17
4886.525767803189	2.4487527e-17
4892.040079116819	2.135553e-17
4897.554390430448	2.7078249e-17
4903.068701744077	2.6639099e-17
4908.583013057706	2.3947617e-17
4914.097324371335	2.398097e-17
4919.611635684964	2.600898e-17
4925.1259469985935	1.6675839e-17
4930.640258312223	2.2543702e-17
4936.154569625852	2.9718528e-17
4941.668880939481	2.2774157e-17
4947.18319225311	1.14345916e-17
4952.697503566739	2.4992084e-17
4958.211814880368	1.9893216e-17
4963.7261261939975	2.620923e-17
4969.240437507627	3.257255e-17
4974.754748821256	2.1784746e-17
4980.269060134885	3.068512e-17
4985.783371448514	1.5955843e-17
4991.297682762143	2.7394961e-17
4996.811994075772	2.8720753e-17
5002.326305389402	3.0705652e-17
5007.840616703031	2.7197091e-17
5013.35492801666	3.3785067e-17
5018.869239330289	1.8933911e-17
5024.383550643918	2.467275e-17
5029.897861957547	3.7889077e-17
5035.4121732711765	3.166533e-17
5040.926484584806	3.1356008e-17
5046.440795898435	2.7010969e-17
5051.955107212064	2.0479948e-17
5057.469418525693	3.0244933e-17
5062.983729839322	2.6447062e-17
5068.498041152951	2.070647e-17
5074.0123524665805	3.0655304e-17
5079.52666378021	3.7096354e-17
5085.040975093839	3.28157e-17
5090.555286407468	3.2049894e-17
5096.069597721097	2.7031516e-17
5101.583909034726	2.3380243e-17
5107.098220348355	2.595033e-17
5112.6125316619855	2.2214379e-17
5118.126842975615	3.4197592e-17
5123.641154289244	2.728113e-17
5129.155465602873	1.9090402e-17
5134.669776916502	3.0703197e-17
5140.184088230131	2.3258441e-17
5145.69839954376	2.41482e-17
5151.2127108573895	2.8231555e-17
5156.727022171019	3.2217517e-17
5162.241333484648	2.520194e-17
5167.755644798277	2.1218951e-17
5173.269956111906	2.0693662e-17
5178.784267425535	2.1070476e-17
5184.298578739164	2.4496868e-17
5189.812890052794	2.3475133e-17
5195.327201366423	2.7094165e-17
5200.841512680052	3.1749243e-17
5206.355823993681	1.952811e-17
5211.87013530731	2.3119376e-17
5217.384446620939	2.0967177e-17
5222.8987579345685	2.2849691e-17
5228.413069248198	2.9916423e-17
5233.927380561827	1.9146829e-17
5239.441691875456	1.5702689e-17
5244.956003189085	2.6679634e-17
5250.470314502714	2.2706723e-17
5255.984625816343	2.459883e-17
5261.498937129973	1.5363558e-17
5267.013248443602	1.6403066e-17
5272.527559757231	1.6921852e-17
5278.04187107086	1.9796469e-17
5283.556182384489	1.868883e-17
5289.070493698118	2.002766e-17
5294.584805011747	1.7814832e-17
5300.099116325377	2.3220275e-17
5305.613427639006	1.3179965e-17
5311.127738952635	2.0745184e-17
5316.642050266264	1.731725e-17
5322.156361579893	2.2309854e-17
5327.670672893522	2.436783e-17
5333.1849842071515	1.23909555e-17
5338.699295520781	2.0724214e-17
5344.21360683441	1.4661497e-17
5349.727918148039	2.2466781e-17
5355.242229461668	1.6412438e-17
5360.756540775297	1.958352e-17
5366.270852088926	1.9448747e-17
5371.785163402556	1.8468981e-17
5377.299474716185	2.1032903e-17
5382.813786029814	2.1950976e-17
5388.328097343443	1.8386119e-17
5393.842408657072	1.3851487e-17
5399.356719970701	2.0112686e-17
5404.8710312843305	2.6440853e-17
5410.38534259796	1.4443022e-17
5415.899653911589	2.1945558e-17
5421.413965225218	3.0760504e-17
5426.928276538847	2.2883325e-17
5432.442587852476	1.831172e-17
5437.956899166105	2.1213024e-17
5443.4712104797345	1.6476703e-17
5448.985521793364	1.9437024e-17
5454.499833106993	2.8039656e-17
5460.014144420622	2.3893483e-17
5465.528455734251	1.921581e-17
5471.04276704788	2.749912e-17
5476.557078361509	2.2891611e-17
5482.071389675139	1.5707892e-17
5487.585700988768	2.5519053e-17
5493.100012302397	2.2669915e-17
5498.614323616026	2.4293927e-17
5504.128634929655	2.2578394e-17
5509.642946243284	1.9647063e-17
5515.1572575569135	1.8344618e-17
5520.671568870543	2.6237403e-17
5526.185880184172	2.4079709e-17
5531.700191497801	3.1441168e-17
5537.21450281143	2.4615883e-17
5542.728814125059	1.683305e-17
5548.243125438688	2.4761834e-17
5553.7574367523175	2.502008e-17
5559.271748065947	2.882813e-17
5564.786059379576	2.402545e-17
5570.300370693205	7.91157e-18
5575.814682006834	3.3762548e-17
5581.328993320463	3.6078726e-17
5586.843304634092	2.4107554e-17
5592.357615947722	1.9361524e-17
5597.871927261351	3.0630333e-17
5603.38623857498	2.5670756e-17
5608.900549888609	2.1545395e-17
5614.414861202238	1.4954828e-17
5619.929172515867	2.0533604e-17
5625.4434838294965	2.3984486e-17
5630.957795143126	2.2805503e-17
5636.472106456755	2.4331579e-17
5641.986417770384	3.142451e-17
5647.500729084013	2.7647491e-17
5653.015040397642	2.180288e-17
5658.529351711271	2.490722e-17
5664.0436630249005	2.7567596e-17
5669.55797433853	2.5972388e-17
5675.072285652159	1.8668034e-17
5680.586596965788	2.242323e-17
5686.100908279417	2.6457288e-17
5691.615219593046	2.7445623e-17
5697.129530906675	2.1174523e-17
5702.643842220305	3.516349e-17
5708.158153533934	3.12915e-17
5713.672464847563	2.9889126e-17
5719.186776161192	2.7550082e-17
5724.701087474821	3.180387e-17
5730.21539878845	1.9223064e-17
5735.7297101020795	2.3679526e-17
5741.244021415709	3.434997e-17
5746.758332729338	3.391213e-17
5752.272644042967	2.5141207e-17
5757.786955356596	2.3006644e-17
5763.301266670225	2.9822505e-17
5768.815577983854	2.7560922e-17
5774.3298892974835	2.4660458e-17
5779.844200611113	2.4562839e-17
5785.358511924742	3.1493688e-17
5790.872823238371	2.8251755e-17
5796.387134552	2.3812894e-17
5801.901445865629	1.28963546e-17
5807.415757179258	1.7842498e-17
5812.930068492888	1.9155885e-17
5818.444379806518	1.5017472e-17
5823.958691120147	2.6247728e-17
5829.473002433776	7.9779585e-18
5834.987313747405	2.1697093e-17
5840.501625061034	2.243003e-17
5846.015936374663	2.5766577e-17
5851.530247688293	3.059582e-17
5857.044559001922	1.7611582e-17
5862.558870315551	1.6932738e-17
5868.07318162918	1.7699218e-17
5873.587492942809	1.9627833e-17
5879.101804256438	2.0338527e-17
5884.616115570067	1.5265684e-17
5890.130426883697	1.9616092e-17
5895.644738197326	1.9067502e-17
5901.159049510955	2.349912e-17
5906.673360824584	2.2114306e-17
5912.187672138213	1.9134663e-17
5917.701983451842	2.1957334e-17
5923.2162947654715	3.2715963e-17
5928.730606079101	2.0856601e-17
5934.24491739273	1.9202566e-17
5939.759228706359	1.6183792e-17
5945.273540019988	1.5680204e-17
5950.787851333617	1.7820177e-17
5956.302162647246	1.13588185e-17
5961.816473960876	1.35173405e-17
5967.330785274505	2.02215e-17
5972.845096588134	2.218125e-17
5978.359407901763	1.7152374e-17
5983.873719215392	1.8906017e-17
5989.388030529021	9.391892e-18
5994.9023418426505	1.0790741e-17
6000.41665315628	2.3450428e-17
6005.930964469909	1.5697641e-17
6011.445275783538	1.188454e-17
6016.959587097167	2.0413798e-17
6022.473898410796	1.8371986e-17
6027.988209724425	1.4517984e-17
6033.5025210380545	1.5545798e-17
6039.016832351684	2.05378e-17
6044.531143665313	1.7646866e-17
6050.045454978942	2.006023e-17
6055.559766292571	1.9091908e-17
6061.0740776062	2.0333036e-17
6066.588388919829	2.1973816e-17
6072.102700233459	1.8600036e-17
6077.617011547089	1.9379614e-17
6083.131322860718	2.1965715e-17
6088.645634174347	2.2426488e-17
6094.159945487976	2.1599001e-17
6099.674256801605	2.021154e-17
6105.188568115234	1.9583438e-17
6110.7028794288635	2.510811e-17
6116.217190742493	3.101397e-17
6121.731502056122	2.9103367e-17
6127.245813369751	2.6315522e-17
6132.76012468338	3.2786326e-17
6138.274435997009	2.5043672e-17
6143.788747310638	3.3277393e-17
6149.303058624268	2.7843382e-17
6154.817369937897	2.3904663e-17
6160.331681251526	2.2686993e-17
6165.845992565155	2.3196637e-17
6171.360303878784	3.378757e-17
6176.874615192413	2.9564828e-17
6182.3889265060425	2.2055314e-17
6187.903237819672	3.017213e-17
6193.417549133301	2.8631553e-17
6198.93186044693	2.8899553e-17
6204.446171760559	2.828559e-17
6209.960483074188	2.1295732e-17
6215.474794387817	2.431993e-17
6220.9891057014465	2.6808843e-17
6226.503417015076	2.4819268e-17
6232.017728328705	2.3213442e-17
6237.532039642334	1.9803397e-17
6243.046350955963	2.6334944e-17
6248.560662269592	1.8656562e-17
6254.074973583221	1.5930595e-17
6259.589284896851	2.0833068e-17
6265.10359621048	1.6341067e-17
6270.617907524109	2.0635617e-17
6276.132218837738	1.4390397e-17
6281.646530151367	1.9087077e-17
6287.160841464996	2.4054005e-17
6292.6751527786255	1.6128402e-17
6298.189464092255	1.9459515e-17
6303.703775405884	2.5079582e-17
6309.218086719513	2.4304993e-17
6314.732398033142	2.496478e-17
6320.246709346771	2.1284272e-17
6325.7610206604	1.6581214e-17
6331.2753319740295	2.780068e-17
6336.789643287659	2.6323908e-17
6342.303954601288	1.7864216e-17
6347.818265914917	1.7372689e-17
6353.332577228546	2.361133e-17
6358.846888542175	2.2033944e-17
6364.361199855804	2.1712556e-17
6369.875511169434	1.655576e-17
6375.389822483063	1.3959093e-17
6380.904133796692	1.8530852e-17
6386.418445110321	1.5075176e-17
6391.93275642395	2.133255e-17
6397.447067737579	1.551908e-17
6402.9613790512085	1.9853695e-17
6408.475690364838	2.5957689e-17
6413.990001678467	2.4427821e-17
6419.504312992096	1.0249817e-17
6425.018624305725	2.5957555e-17
6430.532935619354	2.0574587e-17
6436.047246932983	1.7832479e-17
6441.561558246613	2.0619694e-17
6447.075869560242	3.1028716e-17
6452.590180873871	1.9587422e-17
6458.1044921875	2.1999702e-17
6463.618803501129	2.2774737e-17
6469.133114814758	2.2795359e-17
6474.647426128387	1.972568e-17
6480.161737442017	2.6549601e-17
6485.676048755646	3.2735305e-17
6491.190360069275	2.921856e-17
6496.704671382904	2.6688632e-17
6502.218982696533	3.1767488e-17
6507.733294010162	2.9379123e-17
6513.2476053237915	2.6599678e-17
6518.761916637421	3.0601424e-17
6524.27622795105	2.8397498e-17
6529.790539264679	3.0488928e-17
6535.304850578308	3.151387e-17
6540.819161891937	2.8953578e-17
6546.333473205566	2.8028734e-17
6551.847784519196	3.2380978e-17
6557.362095832825	3.7260834e-17
6562.876407146454	3.707387e-17
6568.390718460083	3.7995314e-17
6573.905029773712	3.574981e-17
6579.419341087341	5.019892e-17
6584.9336524009705	3.9023162e-17
6590.4479637146	4.4736065e-17
6595.962275028229	4.708974e-17
6601.476586341858	5.1961706e-17
6606.990897655487	6.132061e-17
6612.505208969116	6.367439e-17
6618.019520282745	6.54989e-17
6623.5338315963745	6.548523e-17
6629.048142910004	6.8358265e-17
6634.562454223633	6.551284e-17
6640.076765537262	7.1631604e-17
6645.591076850891	7.251803e-17
6651.10538816452	7.0853274e-17
6656.619699478149	6.75052e-17
6662.134010791779	8.0262764e-17
6667.648322105408	7.7897855e-17
6673.162633419037	7.9679926e-17
6678.676944732666	7.0011905e-17
6684.191256046295	7.7890146e-17
6689.705567359924	8.49889e-17
6695.2198786735535	8.078712e-17
6700.734189987183	8.402019e-17
6706.248501300812	9.084871e-17
6711.762812614441	9.1572494e-17
6717.27712392807	9.067739e-17
6722.791435241699	9.21954e-17
6728.305746555328	9.624552e-17
6733.8200578689575	9.761123e-17
6739.334369182587	9.1123136e-17
6744.848680496216	9.0377224e-17
6750.362991809845	1.0207887e-16
6755.877303123474	1.0248991e-16
6761.391614437103	1.0513291e-16
6766.905925750732	1.08719696e-16
6772.420237064362	1.1226741e-16
6777.934548377991	1.0245859e-16
6783.44885969162	1.00130604e-16
6788.963171005249	1.08428886e-16
6794.477482318878	1.0548277e-16
6799.991793632507	1.10415456e-16
6805.5061049461365	1.0451286e-16
6811.020416259766	1.08302976e-16
6816.534727573395	1.0702591e-16
6822.049038887024	1.1117977e-16
6827.563350200653	1.0988083e-16
6833.077661514282	1.0588245e-16
6838.591972827911	1.0772932e-16
6844.106284141541	9.625218e-17
6849.620595455171	9.818435e-17
6855.1349067688	9.977063e-17
6860.649218082429	9.5494845e-17
6866.163529396058	8.691543e-17
6871.677840709687	8.2406916e-17
6877.192152023316	8.408978e-17
6882.7064633369455	8.28917e-17
6888.220774650575	8.5969536e-17
6893.735085964204	8.079968e-17
6899.249397277833	7.703776e-17
6904.763708591462	8.226366e-17
6910.278019905091	7.555048e-17
6915.79233121872	6.880085e-17
6921.3066425323495	6.973352e-17
6926.820953845979	7.127427e-17
6932.335265159608	6.925387e-17
6937.849576473237	6.673292e-17
6943.363887786866	6.1811634e-17
6948.878199100495	5.372051e-17
6954.392510414124	6.5132373e-17
6959.906821727754	5.891764e-17
6965.421133041383	5.3216387e-17
6970.935444355012	4.4476883e-17
6976.449755668641	4.158738e-17
6981.96406698227	4.410913e-17
6987.478378295899	3.8456163e-17
6992.9926896095285	4.3109e-17
6998.507000923158	4.220782e-17
7004.021312236787	4.4182943e-17
7009.535623550416	4.1099607e-17
7015.049934864045	3.38717e-17
7020.564246177674	3.73959e-17
7026.078557491303	3.2474777e-17
7031.592868804933	3.1743377e-17
7037.107180118562	3.300983e-17
7042.621491432191	2.9622575e-17
7048.13580274582	2.8655515e-17
7053.650114059449	2.8164408e-17
7059.164425373078	2.796113e-17
7064.678736686707	2.7306536e-17
7070.193048000337	2.7377382e-17
7075.707359313966	2.922273e-17
7081.221670627595	2.3803647e-17
7086.735981941224	1.4741161e-17
7092.250293254853	1.3395117e-17
7097.764604568482	1.6244098e-17
7103.278915882112	2.1589804e-17
7108.793227195742	2.1176585e-17
7114.307538509371	2.0860936e-17
7119.821849823	1.6936758e-17
7125.336161136629	1.95567e-17
7130.850472450258	2.0758683e-17
7136.364783763887	2.1820747e-17
7141.8790950775165	2.1427389e-17
7147.393406391146	1.5891329e-17
7152.907717704775	2.3820294e-17
7158.422029018404	2.523866e-17
7163.936340332033	2.0043064e-17
7169.450651645662	1.8852594e-17
7174.964962959291	1.5969961e-17
7180.4792742729205	1.7008273e-17
7185.99358558655	2.2209103e-17
7191.507896900179	2.3051452e-17
7197.022208213808	2.1989776e-17
7202.536519527437	2.0516261e-17
7208.050830841066	1.742947e-17
7213.565142154695	1.9772644e-17
7219.079453468325	2.0709355e-17
7224.593764781954	1.7249963e-17
7230.108076095583	1.158207e-17
7235.622387409212	1.2764452e-17
7241.136698722841	1.9637149e-17
7246.65101003647	2.4243795e-17
7252.1653213500995	1.7454088e-17
7257.679632663729	1.9794417e-17
7263.193943977358	1.6705541e-17
7268.708255290987	1.777674e-17
7274.222566604616	2.7514069e-17
7279.736877918245	1.4415477e-17
7285.251189231874	1.9588932e-17
7290.7655005455035	1.5628681e-17
7296.279811859133	2.4036893e-17
7301.794123172762	2.181329e-17
7307.308434486391	1.4913696e-17
7312.82274580002	1.7316596e-17
7318.337057113649	2.2717179e-17
7323.851368427278	2.5988885e-17
7329.365679740908	2.621167e-17
7334.879991054537	1.9584515e-17
7340.394302368166	1.3803362e-17
7345.908613681795	2.1328123e-17
7351.422924995424	1.7203254e-17
7356.937236309053	1.8382066e-17
7362.4515476226825	2.42361e-17
7367.965858936312	2.2777007e-17
7373.480170249941	1.9372993e-17
7378.99448156357	1.946352e-17
7384.508792877199	1.9917502e-17
7390.023104190828	2.7275192e-17
7395.537415504457	2.2322442e-17
7401.0517268180865	1.9174022e-17
7406.566038131716	2.7191367e-17
7412.080349445345	1.9109695e-17
7417.594660758974	2.2732435e-17
7423.108972072603	1.800863e-17
7428.623283386232	1.6928754e-17
7434.137594699861	2.1978935e-17
7439.651906013491	1.8956222e-17
7445.16621732712	2.3313121e-17
7450.680528640749	2.4281612e-17
7456.194839954378	2.0569886e-17
7461.709151268007	1.931044e-17
7467.223462581636	2.7040782e-17
7472.7377738952655	2.845927e-17
7478.252085208895	2.5843342e-17
7483.766396522524	2.1793963e-17
7489.280707836153	1.7891063e-17
7494.795019149782	1.7579095e-17
7500.309330463411	1.9864688e-17
7505.82364177704	2.2083689e-17
7511.3379530906695	1.9984541e-17
7516.852264404299	2.8141823e-17
7522.366575717928	2.7830296e-17
7527.880887031557	1.5108196e-17
7533.395198345186	1.9651906e-17
7538.909509658815	1.5895764e-17
7544.423820972444	2.3015364e-17
7549.938132286074	2.2851561e-17
7555.452443599703	2.954607e-17
7560.966754913332	2.9435788e-17
7566.481066226961	2.2616465e-17
7571.99537754059	1.8101898e-17
7577.509688854219	3.0077065e-17
7583.0240001678485	2.2761428e-17
7588.538311481478	3.1511644e-17
7594.052622795107	2.1128982e-17
7599.566934108736	3.368321e-17
7605.081245422365	1.8433318e-17
7610.595556735994	2.426803e-17
7616.109868049623	1.7655158e-17
7621.624179363253	2.3423838e-17
7627.138490676882	2.0002245e-17
7632.652801990511	1.0714074e-17
7638.16711330414	1.8070768e-17
7643.681424617769	1.6405751e-17
7649.195735931398	2.107221e-17
7654.710047245027	2.3156264e-17
7660.224358558657	2.312984e-17
7665.738669872286	2.1427459e-17
7671.252981185915	1.7252726e-17
7676.767292499544	1.736223e-17
7682.281603813173	2.0509194e-17
7687.795915126802	1.9259451e-17
7693.3102264404315	1.8487047e-17
7698.824537754061	1.9119784e-17
7704.33884906769	1.46031e-17
7709.853160381319	1.5042427e-17
7715.367471694948	1.7432299e-17
7720.881783008577	2.0857442e-17
7726.396094322206	1.9314234e-17
7731.910405635836	2.0002035e-17
7737.424716949465	1.7853074e-17
7742.939028263094	1.6326102e-17
7748.453339576723	2.527855e-17
7753.967650890352	1.7583987e-17
7759.481962203981	1.1150763e-17
7764.9962735176105	2.0130962e-17
7770.51058483124	1.4750167e-17
7776.024896144869	6.144858e-18
7781.539207458498	1.4751011e-17
7787.053518772127	1.7822615e-17
7792.567830085756	8.991891e-18
7798.082141399385	1.2583098e-17
7803.5964527130145	1.20871056e-17
7809.110764026644	1.8851534e-17
7814.625075340273	1.497738e-17
7820.139386653902	1.9470366e-17
7825.653697967531	2.2017063e-17
7831.16800928116	1.6095188e-17
7836.682320594789	2.5621426e-17
7842.196631908419	9.520916e-18
7847.710943222048	1.7063843e-17
7853.225254535677	1.01301484e-17
7858.739565849306	1.0587482e-17
7864.253877162935	7.177418e-18
7869.768188476564	1.672654e-17
7875.2824997901935	2.1729416e-17
7880.796811103823	1.4505337e-17
7886.311122417452	1.2868187e-17
7891.825433731081	1.3195672e-17
7897.33974504471	1.299512e-17
7902.854056358339	1.848457e-17
7908.368367671968	1.7495755e-17
7913.8826789855975	1.5511357e-17
7919.396990299227	1.6578802e-17
7924.911301612856	1.3108157e-17
7930.425612926485	1.6615724e-17
7935.939924240114	1.5640353e-17
7941.454235553743	1.4263709e-17
7946.968546867372	1.447306e-17
7952.482858181002	1.29553565e-17
7957.997169494631	1.3828442e-17
7963.51148080826	1.3384389e-17
7969.025792121889	7.0722114e-18
7974.540103435518	1.3025902e-17
7980.054414749147	1.5230415e-17
7985.5687260627765	2.86947e-17
7991.083037376406	1.5170387e-17
7996.597348690035	1.67715e-17
8002.111660003666	8.7317235e-18
8007.625971317295	1.2444322e-17
8013.140282630924	1.2375488e-17
8018.654593944553	1.1000504e-17
8024.168905258182	1.6270924e-17
8029.6832165718115	1.0826684e-17
8035.197527885441	9.245512e-18
8040.71183919907	1.4996697e-17
8046.226150512699	1.4770048e-17
8051.740461826328	1.2504879e-17
8057.254773139957	1.2161206e-17
8062.769084453586	1.6502197e-17
8068.283395767216	2.154419e-17
8073.797707080845	1.7192145e-17
8079.312018394474	1.4846016e-17
8084.826329708103	1.7580544e-17
8090.340641021732	1.0944822e-17
8095.854952335361	1.08046886e-17
8101.36926364899	1.484581e-17
8106.88357496262	2.372606e-17
8112.397886276249	1.9914709e-17
8117.912197589878	1.2488665e-17
8123.426508903507	1.770473e-17
8128.940820217136	1.1013066e-17
8134.455131530765	1.0344773e-17
8139.9694428443945	1.0549539e-17
8145.483754158024	1.9899969e-17
8150.998065471653	1.3134239e-17
8156.512376785282	1.2361274e-17
8162.026688098911	1.731464e-17
8167.54099941254	1.9645394e-17
8173.055310726169	1.6250855e-17
8178.569622039799	1.8968221e-17
8184.083933353428	2.1382756e-17
8189.598244667057	1.7450414e-17
8195.112555980686	1.3500512e-17
8200.626867294315	9.617289e-18
8206.141178607944	1.2189315e-17
8211.655489921573	1.4245665e-17
8217.169801235203	1.473249e-17
8222.684112548832	2.2265709e-17
8228.198423862461	1.4108267e-17
8233.71273517609	1.7405432e-17
8239.22704648972	3.9814982e-18
8244.741357803348	1.177184e-17
8250.255669116978	1.3764511e-17
8255.769980430607	7.64689e-18
8261.284291744236	1.3356675e-17
8266.798603057865	1.4193461e-17
8272.312914371494	9.20573e-18
8277.827225685123	1.4373509e-17
8283.341536998752	1.8171768e-17
8288.855848312382	1.9678438e-17
8294.37015962601	1.6198433e-17
8299.88447093964	1.8493338e-17
8305.398782253269	6.397486e-18
8310.913093566898	2.0657888e-17
8316.427404880527	2.1928533e-17
8321.941716194156	1.2599437e-17
8327.456027507786	9.783445e-18
8332.970338821415	6.7260376e-18
8338.484650135044	1.9304678e-17
8343.998961448673	1.7035904e-17
8349.513272762302	1.31469125e-17
8355.027584075931	1.35730495e-17
8360.54189538956	1.2738436e-17
8366.05620670319	1.2534896e-17
8371.570518016819	2.0410834e-17
8377.084829330448	7.270967e-18
8382.599140644077	1.7705285e-17
8388.113451957706	1.7568717e-17
8393.627763271335	2.2736262e-17
8399.142074584965	1.5344897e-17
8404.656385898594	2.1875293e-17
8410.170697212223	2.1829492e-17
8415.685008525852	9.1012036e-18
8421.199319839481	1.2537678e-17
8426.71363115311	1.7690923e-17
8432.22794246674	1.8037831e-17
8437.742253780369	1.6579298e-17
8443.256565093998	1.0399246e-17
8448.770876407627	8.974556e-18
8454.285187721256	1.6691e-17
8459.799499034885	1.3918144e-17
8465.313810348514	1.8634179e-17
8470.828121662144	2.5519822e-17
8476.342432975773	1.6540719e-17
8481.856744289402	9.2000856e-18
8487.371055603031	1.2996533e-17
8492.88536691666	1.8699273e-17
8498.39967823029	1.3525981e-17
8503.913989543918	1.3653389e-17
8509.428300857548	2.1132046e-17
8514.942612171177	1.6556654e-17
8520.456923484806	2.063456e-17
8525.971234798435	1.5740433e-17
8531.485546112064	1.1751929e-17
8536.999857425693	7.4619574e-18
8542.514168739322	1.6434477e-17
8548.028480052952	9.630666e-18
8553.54279136658	2.452875e-17
8559.05710268021	1.8722664e-17
8564.571413993839	1.6148184e-17
8570.085725307468	2.1680222e-17
8575.600036621097	2.6805158e-17
8581.114347934727	1.3728925e-17
8586.628659248356	2.0915765e-17
8592.142970561985	2.2850218e-17
8597.657281875614	1.8840739e-17
8603.171593189243	1.9300979e-17
8608.685904502872	2.0389254e-17
8614.200215816501	1.9330448e-17
8619.71452713013	2.182686e-17
8625.22883844376	2.1864614e-17
8630.743149757389	1.8953977e-17
8636.257461071018	1.8198639e-17
8641.771772384647	1.4475722e-17
8647.286083698276	2.2091961e-17
8652.800395011905	2.908988e-17
8658.314706325535	3.340446e-17
8663.829017639164	3.555148e-17
8669.343328952793	2.6586897e-17
8674.857640266422	2.5656092e-17
8680.371951580051	2.000937e-17
8685.88626289368	1.3522217e-17
8691.40057420731	2.505259e-17
8696.914885520939	2.4317995e-17
8702.429196834568	2.110212e-17
8707.943508148197	3.154537e-17
8713.457819461826	2.0907447e-17
8718.972130775455	1.8554497e-17
8724.486442089084	3.0197674e-17
8730.000753402714	2.223668e-17
8735.515064716343	2.1962573e-17
8741.029376029972	2.899734e-17
8746.543687343601	2.3024877e-17
8752.05799865723	2.983257e-17
8757.57230997086	2.4229948e-17
8763.086621284489	2.399676e-17
8768.600932598118	2.5867956e-17
8774.115243911747	1.6862191e-17
8779.629555225376	1.7731478e-17
8785.143866539005	3.4504165e-17
8790.658177852634	3.057743e-17
8796.172489166263	1.3471341e-17
8801.686800479893	1.9063565e-17
8807.201111793522	2.5959603e-17
8812.71542310715	2.2121868e-17
8818.22973442078	3.4382556e-17
8823.74404573441	4.191928e-17
8829.258357048038	2.3874881e-17
8834.772668361667	1.82134e-17
8840.286979675297	3.4905083e-17
8845.801290988926	3.1532843e-17
8851.315602302555	2.8952877e-17
8856.829913616184	3.271423e-17
8862.344224929813	3.5198676e-17
8867.858536243442	2.872842e-17
8873.372847557072	3.47651e-17
8878.8871588707	3.449946e-17
8884.40147018433	3.5674636e-17
8889.915781497959	2.8418243e-17
8895.430092811588	3.050499e-17
8900.944404125217	2.2379433e-17
8906.458715438846	3.611082e-17
8911.973026752476	3.3189563e-17
8917.487338066105	5.0130212e-17
8923.001649379734	4.8718182e-17
8928.515960693363	3.9883344e-17
8934.030272006992	4.490605e-17
8939.544583320621	3.953446e-17
8945.05889463425	3.7275144e-17
8950.57320594788	4.608009e-17
8956.087517261509	3.6897473e-17
8961.601828575138	3.1106167e-17
8967.116139888767	3.9262455e-17
8972.630451202396	4.1982142e-17
8978.144762516025	4.1664396e-17
8983.659073829655	4.2326938e-17
8989.173385143284	4.8771482e-17
8994.687696456913	5.7031476e-17
9000.202007770542	3.0056058e-17
9005.716319084171	2.7424108e-17
9011.2306303978	4.4052893e-17
9016.74494171143	4.2527585e-17
9022.259253025059	3.5642362e-17
9027.77356433869	4.046661e-17
9033.287875652319	4.7279884e-17
9038.802186965948	3.7251755e-17
9044.316498279577	2.9042116e-17
9049.830809593206	4.0706326e-17
9055.345120906835	4.3425606e-17
9060.859432220464	3.394701e-17
9066.373743534094	3.682827e-17
9071.888054847723	3.3443157e-17
9077.402366161352	3.5250854e-17
9082.916677474981	1.5206169e-17
9088.43098878861	4.4715276e-17
9093.94530010224	4.1202773e-17
9099.459611415868	2.9593922e-17
9104.973922729498	2.838438e-17
9110.488234043127	2.6626156e-17
9116.002545356756	3.0710738e-17
9121.516856670385	3.2703426e-17
9127.031167984014	2.4501272e-17
9132.545479297643	2.53462e-17
9138.059790611273	3.1179653e-17
9143.574101924902	2.4648081e-17
9149.08841323853	2.4938175e-17
9154.60272455216	2.8486383e-17
9160.11703586579	1.9804467e-17
9165.631347179418	1.5940449e-17
9171.145658493047	1.399902e-17
9176.659969806677	1.5550304e-17
9182.174281120306	1.90902e-17
9187.688592433935	1.37144205e-17
9193.202903747564	1.0426741e-17
9198.717215061193	1.6648992e-17
9204.231526374822	1.7240416e-17
9209.745837688452	1.3983895e-17
9215.26014900208	8.461394e-18
9220.77446031571	1.720858e-17
9226.288771629339	5.273914e-18
