3849.8061523437486	7.130754e-17
3851.544188022612	1.2982458e-16
3853.2822237014757	-1.2392309e-17
3855.020259380339	-2.3694997e-19
3856.7582950592027	5.289358e-17
3858.4963307380663	-1.1490539e-17
3860.23436641693	-7.235055e-18
3861.9724020957933	5.9744106e-17
3863.710437774657	1.7410202e-16
3865.4484734535204	4.4252915e-17
3867.186509132384	8.985809e-17
3868.9245448112474	1.4003003e-16
3870.662580490111	1.4646952e-16
3872.4006161689745	1.1762184e-16
3874.138651847838	2.0128465e-16
3875.8766875267015	6.751122e-17
3877.614723205565	9.896967e-17
3879.3527588844286	1.3409348e-16
3881.090794563292	6.3753913e-17
3882.8288302421556	3.2495152e-17
3884.566865921019	2.338135e-16
3886.3049015998827	2.2802611e-16
3888.042937278746	6.596015e-17
3889.7809729576097	1.4498835e-16
3891.5190086364732	9.205525e-17
3893.2570443153368	1.11178e-16
3894.9950799942003	1.05714146e-16
3896.733115673064	4.5341535e-17
3898.471151351928	-5.863488e-18
3900.2091870307913	1.0074549e-16
3901.947222709655	1.2473017e-16
3903.6852583885184	1.23141e-16
3905.423294067382	2.1691426e-16
3907.1613297462454	7.873206e-17
3908.899365425109	5.4336512e-17
3910.6374011039725	5.2465082e-17
3912.375436782836	9.106093e-18
3914.1134724616995	1.9205539e-17
3915.851508140563	1.415185e-16
3917.5895438194266	4.632426e-17
3919.32757949829	9.829596e-17
3921.0656151771536	6.184848e-17
3922.803650856017	6.628384e-17
3924.5416865348807	-4.2329426e-17
3926.279722213744	6.2716344e-17
3928.0177578926077	6.922483e-17
3929.7557935714713	1.2644643e-16
3931.493829250335	8.156495e-17
3933.2318649291983	4.9298558e-17
3934.969900608062	1.9325205e-16
3936.7079362869254	1.3950428e-16
3938.445971965789	2.2895618e-16
3940.1840076446524	1.5586916e-16
3941.922043323516	1.170712e-16
3943.6600790023795	1.9121905e-16
3945.398114681243	-2.32191e-17
3947.1361503601065	9.8338355e-17
3948.87418603897	8.66544e-17
3950.6122217178336	3.70239e-17
3952.350257396697	5.009314e-17
3954.0882930755606	1.08647295e-16
3955.826328754424	6.941656e-17
3957.5643644332877	5.5059706e-17
3959.302400112151	1.3580293e-16
3961.0404357910147	8.180135e-17
3962.7784714698782	3.5063918e-17
3964.5165071487418	1.1010532e-16
3966.2545428276053	1.7261403e-16
3967.992578506469	1.550365e-16
3969.7306141853323	7.061866e-17
3971.468649864196	-6.025013e-19
3973.2066855430594	3.8286538e-17
3974.944721221923	-4.042675e-17
3976.6827569007864	-7.646373e-18
3978.42079257965	1.4730663e-16
3980.1588282585135	1.8933239e-16
3981.896863937377	7.714451e-17
3983.6348996162405	-4.233017e-17
3985.372935295104	-2.2787058e-18
3987.1109709739676	7.956808e-17
3988.849006652831	1.934958e-16
3990.5870423316946	6.608194e-17
3992.325078010558	1.4276572e-17
3994.0631136894217	5.459861e-17
3995.801149368285	1.312657e-16
3997.5391850471487	3.1622953e-17
3999.2772207260123	1.0707542e-16
4001.015256404876	-1.7328052e-17
4002.7532920837393	4.1899285e-17
4004.491327762603	1.105742e-16
4006.2293634414664	5.639967e-17
4007.96739912033	5.1469113e-17
4009.7054347991934	3.9469442e-17
4011.443470478057	2.2494344e-19
4013.1815061569205	-6.37108e-19
4014.919541835784	1.2422838e-16
4016.6575775146475	1.8393789e-16
4018.395613193511	8.945777e-17
4020.1336488723746	5.4811598e-17
4021.871684551238	1.4379822e-16
4023.6097202301016	-2.5369565e-17
4025.347755908965	6.157004e-17
4027.0857915878287	1.0098996e-16
4028.823827266692	9.4766437e-17
4030.5618629455557	1.1650005e-16
4032.2998986244193	1.5356182e-16
4034.037934303283	2.0275961e-16
4035.7759699821463	8.0700866e-17
4037.51400566101	-4.185344e-17
4039.2520413398734	-2.6246385e-17
4040.990077018737	3.2141754e-17
4042.7281126976004	2.2659479e-16
4044.466148376464	-9.893e-19
4046.2041840553275	4.5333448e-17
4047.942219734191	1.3149478e-16
4049.6802554130545	3.6201927e-17
4051.418291091918	9.664959e-17
4053.1563267707816	7.3627704e-17
4054.894362449645	8.9026366e-17
4056.6323981285086	1.0402213e-16
4058.370433807372	8.317191e-17
4060.1084694862357	9.281987e-17
4061.846505165099	1.7531732e-16
4063.5845408439627	9.783759e-17
4065.3225765228262	-4.4766957e-18
4067.0606122016898	2.432433e-17
4068.7986478805533	-1.09708865e-17
4070.536683559417	-2.146659e-18
4072.2747192382803	1.02934415e-16
4074.012754917144	8.98915e-17
4075.7507905960074	2.221906e-16
4077.488826274871	1.2871106e-16
4079.2268619537344	-5.257563e-17
4080.964897632598	5.5186536e-17
4082.7029333114615	1.6787251e-16
4084.440968990325	1.6967235e-16
4086.1790046691885	1.5505767e-16
4087.917040348052	6.871676e-17
4089.6550760269156	9.340726e-17
4091.393111705779	6.8696496e-17
4093.1311473846426	3.628119e-17
4094.869183063506	8.930156e-17
4096.60721874237	1.5828784e-16
4098.345254421233	1.8007248e-16
4100.083290100097	1.7399228e-17
4101.82132577896	7.157563e-17
4103.559361457824	1.2411403e-16
4105.297397136687	1.4252792e-16
4107.035432815551	5.440914e-17
4108.773468494414	4.9150943e-17
4110.511504173278	9.576581e-17
4112.249539852141	3.4004455e-17
4113.987575531005	3.0823354e-17
4115.7256112098685	1.2365129e-17
4117.463646888732	4.6655246e-17
4119.2016825675955	1.8590676e-17
4120.939718246459	1.04830267e-16
4122.677753925323	1.9743446e-16
4124.415789604186	1.2391658e-16
4126.15382528305	6.9820906e-17
4127.891860961913	2.4995196e-17
4129.629896640777	5.3173224e-17
4131.36793231964	3.203047e-17
4133.105967998504	5.8951223e-17
4134.844003677367	3.8863255e-17
4136.582039356231	9.6290945e-18
4138.320075035094	-2.3046498e-17
4140.058110713958	1.4634855e-16
4141.796146392821	1.4870444e-16
4143.534182071685	8.332921e-17
4145.272217750548	4.895105e-17
4147.010253429412	6.036309e-17
4148.7482891082755	1.249056e-16
4150.486324787139	1.203676e-16
4152.224360466003	3.067542e-17
4153.962396144867	-7.0582706e-17
4155.7004318237305	-7.941339e-18
4157.438467502594	5.4419346e-17
4159.1765031814575	-2.0626356e-17
4160.914538860321	4.7622174e-17
4162.652574539185	1.2416537e-16
4164.390610218048	2.5419996e-16
4166.128645896912	1.486044e-16
4167.866681575775	6.979836e-17
4169.604717254639	5.4514865e-17
4171.342752933502	3.3060725e-17
4173.080788612366	-1.5615964e-17
4174.818824291229	-5.2124747e-17
4176.556859970093	7.9316786e-18
4178.294895648956	1.2922521e-16
4180.03293132782	6.047904e-17
4181.770967006683	5.8985826e-17
4183.509002685547	1.2448563e-16
4185.24703836441	-2.302436e-17
4186.985074043274	-1.2952426e-17
4188.723109722137	6.6922494e-19
4190.461145401001	1.4554109e-16
4192.1991810798645	6.6576075e-17
4193.937216758728	1.4074621e-16
4195.675252437592	9.3121757e-17
4197.413288116455	4.0004956e-17
4199.151323795319	6.4842106e-17
4200.889359474182	9.934897e-17
4202.627395153046	6.6139714e-17
4204.365430831909	8.672662e-17
4206.103466510773	-3.6571696e-17
4207.841502189636	1.5707658e-16
4209.5795378685	1.471902e-16
4211.317573547363	1.4121106e-17
4213.055609226227	6.428986e-17
4214.79364490509	9.55167e-17
4216.531680583954	2.782085e-17
4218.269716262817	1.3717886e-17
4220.007751941681	9.542166e-17
4221.745787620544	1.3661133e-16
4223.483823299408	1.7337626e-16
4225.2218589782715	1.5092871e-16
4226.959894657135	1.8602478e-16
4228.6979303359985	9.443295e-17
4230.435966014862	8.6381095e-17
4232.174001693726	7.7601056e-17
4233.912037372589	2.668198e-17
4235.650073051453	9.912726e-17
4237.388108730316	1.2421998e-16
4239.12614440918	1.9300772e-17
4240.864180088043	6.876092e-17
4242.602215766907	1.1312514e-16
4244.34025144577	5.771698e-17
4246.078287124634	5.0181282e-17
4247.816322803497	1.60499e-16
4249.554358482361	1.6747195e-16
4251.292394161224	1.04974904e-16
4253.030429840088	3.8375122e-17
4254.768465518951	5.658456e-17
4256.506501197815	1.4974531e-16
4258.2445368766785	1.0678937e-16
4259.982572555542	2.0176262e-17
4261.7206082344055	4.1233445e-17
4263.458643913269	1.02813786e-16
4265.196679592133	1.2983412e-16
4266.934715270996	4.533635e-17
4268.67275094986	7.912236e-17
4270.410786628723	9.1839104e-17
4272.148822307587	1.1961049e-16
4273.88685798645	1.883991e-16
4275.624893665314	4.1891824e-17
4277.362929344177	8.26241e-17
4279.100965023041	1.4813134e-18
4280.839000701904	2.3531847e-18
4282.577036380768	7.525673e-17
4284.315072059631	7.153278e-17
4286.053107738495	5.975992e-17
4287.791143417358	6.489097e-17
4289.529179096222	4.228405e-17
4291.267214775085	6.688837e-17
4293.005250453949	1.8972496e-16
4294.7432861328125	1.7504411e-16
4296.481321811676	1.3522544e-16
4298.21935749054	1.05081154e-16
4299.957393169403	8.388075e-17
4301.695428848267	7.9876597e-17
4303.43346452713	6.6158064e-17
4305.171500205994	1.0305673e-16
4306.909535884857	9.2638736e-17
4308.647571563721	4.9108284e-17
4310.385607242584	3.1492136e-17
4312.123642921448	1.29354976e-17
4313.861678600311	8.43637e-17
4315.599714279175	1.3805246e-16
4317.337749958038	1.1220045e-16
4319.075785636902	5.460096e-17
4320.813821315765	6.443803e-17
4322.551856994629	7.718173e-17
4324.289892673492	9.44552e-17
4326.027928352356	1.235129e-16
4327.7659640312195	9.384467e-17
4329.503999710083	1.5340154e-16
4331.2420353889465	2.6639079e-17
4332.98007106781	1.0486007e-16
4334.718106746674	7.301375e-17
4336.456142425537	3.3229662e-17
4338.194178104401	2.4784422e-17
4339.932213783264	1.5002982e-16
4341.670249462128	1.6979183e-16
4343.408285140991	1.06194645e-16
4345.146320819855	6.3098297e-17
4346.884356498718	8.972339e-17
4348.622392177582	2.2716476e-17
4350.360427856445	7.339562e-17
4352.098463535309	1.02863165e-16
4353.836499214172	5.584335e-17
4355.574534893036	7.351121e-17
4357.312570571899	-2.7284349e-17
4359.050606250763	2.2286413e-17
4360.7886419296265	4.480121e-17
4362.52667760849	1.5857436e-17
4364.2647132873535	7.085273e-18
4366.002748966217	3.585221e-17
4367.740784645081	7.840536e-17
4369.478820323944	1.5099205e-16
4371.216856002808	6.1456767e-17
4372.954891681671	1.7091624e-16
4374.692927360535	1.878672e-16
4376.430963039398	-3.613766e-17
4378.168998718262	2.7758815e-17
4379.907034397125	7.9938774e-17
4381.645070075989	1.4976085e-16
4383.383105754852	1.0578167e-16
4385.121141433716	7.3338e-17
4386.859177112579	9.4622606e-17
4388.597212791443	1.5385296e-16
4390.335248470306	1.5039603e-17
4392.07328414917	1.2659402e-17
4393.811319828033	3.4628924e-17
4395.549355506897	1.6487469e-16
4397.2873911857605	9.168552e-17
4399.025426864624	-2.9089987e-17
4400.763462543488	1.7946534e-16
4402.501498222351	2.3174628e-16
4404.239533901215	3.6845076e-17
4405.977569580078	1.2041976e-17
4407.715605258942	1.7619933e-16
4409.453640937805	3.8390607e-17
4411.191676616669	1.0680579e-16
4412.929712295532	1.3876566e-16
4414.667747974396	1.3549818e-16
4416.405783653259	1.9606456e-16
4418.143819332123	2.4661199e-17
4419.881855010986	9.795599e-17
4421.61989068985	6.041732e-17
4423.357926368713	7.348824e-17
4425.095962047577	5.926394e-17
4426.83399772644	8.604718e-17
4428.572033405304	1.8206343e-16
4430.3100690841675	6.913646e-17
4432.048104763031	1.4771651e-16
4433.7861404418945	-9.886088e-18
4435.524176120758	6.5509356e-17
4437.262211799622	1.09872336e-16
4439.000247478485	1.0921194e-18
4440.738283157349	6.825081e-17
4442.476318836212	1.3712627e-16
4444.214354515076	6.68621e-17
4445.952390193939	4.8943996e-17
4447.690425872803	1.3717527e-16
4449.428461551666	1.7539188e-16
4451.16649723053	1.389813e-16
4452.904532909393	1.6025695e-16
4454.642568588257	1.3253975e-16
4456.38060426712	1.2431846e-16
4458.118639945984	1.0803199e-16
4459.856675624847	8.744404e-17
4461.594711303711	7.9977896e-17
4463.3327469825745	8.40898e-17
4465.070782661438	6.034574e-17
4466.8088183403015	6.441825e-17
4468.546854019165	7.95575e-17
4470.284889698029	5.9201416e-17
4472.022925376892	5.0080145e-17
4473.760961055756	8.349258e-17
4475.498996734619	5.5012186e-17
4477.237032413483	9.350225e-17
4478.975068092346	1.4753914e-16
4480.71310377121	1.664384e-16
4482.451139450073	5.571941e-17
4484.189175128937	4.9499447e-17
4485.9272108078	9.21756e-17
4487.665246486664	4.8530362e-17
4489.403282165527	1.0791478e-17
4491.141317844391	5.8555096e-17
4492.879353523254	5.6199974e-17
4494.617389202118	7.642899e-17
4496.355424880981	2.7912684e-17
4498.093460559845	2.8039414e-17
4499.8314962387085	1.5107549e-16
4501.569531917572	4.4365663e-17
4503.307567596436	2.0045149e-17
4505.045603275299	1.20738e-16
4506.783638954163	1.3946855e-16
4508.521674633026	4.5374093e-17
4510.25971031189	7.0444845e-17
4511.997745990753	1.2814086e-16
4513.735781669617	1.3445556e-16
4515.47381734848	1.0442728e-16
4517.211853027344	1.1082469e-16
4518.949888706207	1.2935391e-16
4520.687924385071	6.1495174e-17
4522.425960063934	5.0919736e-17
4524.163995742798	7.030809e-17
4525.902031421661	1.2372659e-16
4527.640067100525	1.1585088e-16
4529.378102779388	6.290721e-17
4531.116138458252	7.016785e-17
4532.8541741371155	1.2709735e-16
4534.592209815979	5.887896e-17
4536.3302454948425	1.9726388e-17
4538.068281173706	8.880372e-17
4539.80631685257	1.1673842e-16
4541.544352531433	1.4966871e-16
4543.282388210297	7.792775e-17
4545.02042388916	1.2060423e-16
4546.758459568024	5.3625553e-17
4548.496495246887	6.387933e-17
4550.234530925751	1.1485113e-16
4551.972566604614	1.1072193e-16
4553.710602283478	3.430807e-17
4555.448637962342	5.4032338e-17
4557.186673641206	1.201786e-16
4558.924709320069	8.2886694e-17
4560.662744998933	1.1714409e-16
4562.400780677796	1.414221e-16
4564.13881635666	1.3855905e-16
4565.876852035523	6.4426855e-17
4567.614887714387	6.6101995e-17
4569.35292339325	1.1136614e-16
4571.090959072114	1.3670664e-16
4572.8289947509775	8.489075e-17
4574.567030429841	6.580796e-17
4576.3050661087045	7.8529013e-17
4578.043101787568	1.1817187e-16
4579.781137466432	1.3387018e-16
4581.519173145295	1.2937822e-16
4583.257208824159	8.469744e-17
4584.995244503022	5.5397586e-17
4586.733280181886	1.1076022e-16
4588.471315860749	1.7822182e-16
4590.209351539613	9.9313475e-17
4591.947387218476	5.0766695e-17
4593.68542289734	3.8460997e-17
4595.423458576203	5.4916144e-17
4597.161494255067	7.214694e-17
4598.89952993393	1.3779525e-16
4600.637565612794	3.833547e-17
4602.375601291657	1.5748056e-17
4604.113636970521	1.0293147e-16
4605.851672649384	1.7854938e-16
4607.589708328248	1.3078725e-16
4609.3277440071115	5.0319428e-17
4611.065779685975	1.00347815e-16
4612.803815364839	4.2720993e-17
4614.541851043702	-2.7180877e-17
4616.279886722566	8.234221e-17
4618.017922401429	1.6104295e-16
4619.755958080293	1.0864851e-16
4621.493993759156	1.5246438e-16
4623.23202943802	1.3162712e-16
4624.970065116883	1.4939689e-16
4626.708100795747	1.4919923e-16
4628.44613647461	6.036737e-17
4630.184172153474	5.584939e-17
4631.922207832337	8.080105e-17
4633.660243511201	7.4806376e-17
4635.398279190064	2.8482184e-17
4637.136314868928	8.3299265e-17
4638.874350547791	9.0729464e-17
4640.612386226655	7.522458e-17
4642.3504219055185	9.035216e-17
4644.088457584382	9.247552e-17
4645.8264932632455	1.7418461e-16
4647.564528942109	1.4041462e-16
4649.302564620973	4.0731594e-17
4651.040600299836	9.64753e-17
4652.7786359787	1.2013513e-16
4654.516671657563	1.4603917e-16
4656.254707336427	3.984428e-17
4657.99274301529	3.509235e-17
4659.730778694154	4.172436e-17
4661.468814373017	1.0077443e-17
4663.206850051881	6.510687e-17
4664.944885730744	1.146719e-16
4666.682921409608	5.8959886e-17
4668.420957088471	9.435423e-17
4670.158992767335	8.038284e-17
4671.897028446198	5.313276e-17
4673.635064125062	5.1613655e-17
4675.3730998039255	1.2302546e-16
4677.111135482789	1.0234201e-16
4678.8491711616525	1.1239129e-16
4680.587206840516	1.110227e-16
4682.32524251938	7.533027e-17
4684.063278198243	1.3836498e-16
4685.801313877107	1.06378676e-16
4687.53934955597	1.6273828e-16
4689.277385234834	1.2658266e-16
4691.015420913697	1.3409115e-16
4692.753456592561	7.227406e-17
4694.491492271424	1.020495e-16
4696.229527950288	1.3041504e-16
4697.967563629151	7.5705317e-17
4699.705599308015	9.544547e-17
4701.443634986878	1.1694796e-16
4703.181670665742	6.636665e-17
4704.919706344605	6.683159e-17
4706.657742023469	1.30312e-16
4708.395777702332	8.8302735e-17
4710.133813381196	1.961325e-16
4711.8718490600595	1.5409121e-16
4713.609884738923	1.3675503e-17
4715.347920417787	-2.5613368e-18
4717.08595609665	1.0346011e-16
4718.823991775514	6.531566e-17
4720.562027454377	6.775668e-17
4722.300063133241	1.2598686e-16
4724.038098812104	1.5288483e-16
4725.776134490968	9.477436e-17
4727.514170169831	1.2245645e-16
4729.252205848695	1.1213823e-16
4730.990241527558	6.67666e-17
4732.728277206422	1.1270954e-16
4734.466312885285	9.5781956e-17
4736.204348564149	4.2664487e-17
4737.942384243012	1.831246e-16
4739.680419921876	1.894147e-16
4741.418455600739	4.612099e-17
4743.156491279603	6.460342e-17
4744.8945269584665	6.347105e-17
4746.63256263733	1.0991294e-16
4748.3705983161935	1.9072924e-16
4750.108633995057	1.6933715e-16
4751.846669673921	5.604781e-17
4753.584705352784	1.08615405e-16
4755.322741031648	1.02297373e-16
4757.060776710511	6.7950644e-17
4758.798812389375	1.6820963e-16
4760.536848068238	1.3207298e-16
4762.274883747102	2.3265375e-17
4764.012919425965	1.3594712e-16
4765.750955104829	1.1535576e-16
4767.488990783692	8.4154675e-17
4769.227026462556	1.2814067e-16
4770.965062141419	9.288049e-17
4772.703097820283	4.2896812e-17
4774.441133499146	2.7563704e-17
4776.17916917801	5.662513e-17
4777.9172048568735	1.8256171e-16
4779.655240535737	1.0245232e-16
4781.3932762146005	5.0641863e-17
4783.131311893464	1.4427913e-16
4784.869347572328	6.791437e-17
4786.607383251191	7.656852e-17
4788.345418930055	1.7195408e-16
4790.083454608918	1.5071654e-16
4791.821490287782	1.729084e-16
4793.559525966645	1.3812713e-16
4795.297561645509	5.755287e-17
4797.035597324372	9.2334506e-17
4798.773633003236	6.692011e-17
4800.511668682099	6.8327885e-17
4802.249704360963	3.8451742e-17
4803.987740039826	3.2323624e-17
4805.72577571869	1.5904067e-16
4807.463811397553	1.0948676e-16
4809.201847076418	1.4256483e-16
4810.939882755281	7.7054653e-17
4812.677918434145	2.4433901e-17
4814.415954113008	3.6856194e-18
4816.153989791872	4.6488675e-17
4817.8920254707355	8.922372e-17
4819.630061149599	1.8842079e-16
4821.3680968284625	1.1843919e-16
4823.106132507326	1.2794712e-16
4824.84416818619	1.0052689e-16
4826.582203865053	6.481071e-17
4828.320239543917	7.169022e-17
4830.05827522278	8.922263e-17
4831.796310901644	1.8904885e-16
4833.534346580507	1.398709e-16
4835.272382259371	1.3191984e-16
4837.010417938234	8.568474e-17
4838.748453617098	7.9016064e-17
4840.486489295961	7.640215e-17
4842.224524974825	9.5155774e-17
4843.962560653688	8.75913e-17
4845.700596332552	7.060019e-17
4847.438632011415	1.539004e-16
4849.176667690279	1.2833343e-16
4850.914703369142	1.7848873e-16
4852.652739048006	1.0009239e-16
4854.3907747268695	7.5748165e-17
4856.128810405733	3.94613e-17
4857.866846084597	9.7289304e-17
4859.60488176346	1.37572e-16
4861.342917442324	7.7661506e-17
4863.080953121187	1.7288801e-17
4864.818988800051	2.970658e-17
4866.557024478914	4.7423982e-17
4868.295060157778	-2.7063229e-17
4870.033095836641	1.1559528e-17
4871.771131515505	6.884037e-17
4873.509167194368	1.5716669e-16
4875.247202873232	7.058802e-17
4876.985238552095	9.366136e-17
4878.723274230959	5.261409e-17
4880.461309909822	5.4273798e-17
4882.199345588686	8.3936915e-17
4883.937381267549	1.0237935e-16
4885.675416946413	1.00164875e-16
4887.4134526252765	6.168734e-17
4889.15148830414	-2.2634507e-17
4890.8895239830035	5.0128055e-17
4892.627559661867	1.3210667e-16
4894.365595340731	7.652413e-17
4896.103631019594	7.6161596e-17
4897.841666698458	3.6082604e-17
4899.579702377321	2.6600289e-17
4901.317738056185	5.4800643e-17
4903.055773735048	6.743538e-17
4904.793809413912	7.91662e-17
4906.531845092775	6.585178e-17
4908.269880771639	7.6725826e-17
4910.007916450502	9.6438486e-17
4911.745952129366	1.2544844e-16
4913.483987808229	1.4614198e-16
4915.222023487093	9.824149e-17
4916.960059165956	6.573451e-17
4918.69809484482	5.684537e-17
4920.4361305236835	6.585997e-17
4922.174166202547	8.2314516e-17
4923.9122018814105	4.479304e-17
4925.650237560274	9.6781614e-17
4927.388273239138	8.752725e-17
4929.126308918001	1.02911313e-16
4930.864344596865	1.2509606e-16
4932.602380275728	1.1155788e-16
4934.340415954592	1.07231995e-16
4936.078451633455	8.113509e-17
4937.816487312319	4.0912866e-17
4939.554522991182	8.3672184e-17
4941.292558670046	5.5490948e-17
4943.030594348909	6.480421e-17
4944.768630027773	8.915247e-17
4946.506665706636	3.715518e-17
4948.2447013855	9.930033e-17
4949.982737064363	1.1238248e-16
4951.720772743227	6.6589316e-17
4953.45880842209	8.907091e-17
4955.196844100954	1.0702075e-16
4956.9348797798175	7.535639e-17
4958.672915458681	5.036201e-17
4960.4109511375445	4.812712e-17
4962.148986816408	1.1844745e-17
4963.887022495272	2.0637159e-17
4965.625058174135	6.243728e-17
4967.363093852999	7.9563155e-17
4969.101129531862	8.7052554e-17
4970.839165210726	9.805203e-17
4972.577200889589	1.0729872e-16
4974.315236568453	8.1503006e-17
4976.053272247316	1.1055857e-16
4977.79130792618	7.81071e-17
4979.529343605043	4.1415266e-17
4981.267379283907	8.3349485e-17
4983.00541496277	1.0079774e-16
4984.743450641634	1.3611084e-16
4986.481486320497	1.07664095e-16
4988.219521999361	1.08466917e-16
4989.9575576782245	7.063325e-17
4991.695593357088	4.873513e-17
4993.4336290359515	1.0652353e-16
4995.171664714815	8.54772e-17
4996.909700393679	6.2419234e-17
4998.647736072542	6.8585965e-17
5000.385771751406	8.999788e-17
5002.123807430269	5.782365e-17
5003.861843109133	7.9342833e-17
5005.599878787996	9.235857e-17
5007.33791446686	4.3966906e-17
5009.075950145723	5.929636e-17
5010.813985824587	1.076853e-16
5012.55202150345	9.150723e-17
5014.290057182314	1.2789133e-16
5016.028092861177	9.851476e-17
5017.766128540041	6.4883697e-17
5019.504164218904	5.4061203e-17
5021.242199897768	6.7388916e-17
5022.9802355766315	9.346653e-17
5024.718271255495	1.1661922e-16
5026.4563069343585	1.2897355e-16
5028.194342613222	1.255596e-16
5029.932378292086	1.1832373e-16
5031.670413970949	1.2270086e-16
5033.408449649813	1.2453159e-16
5035.146485328676	1.04075626e-16
5036.88452100754	7.984603e-17
5038.622556686403	7.879879e-17
5040.360592365267	9.2682795e-17
5042.09862804413	1.0303803e-16
5043.836663722994	1.0444837e-16
5045.574699401857	9.5919315e-17
5047.312735080721	8.1758055e-17
5049.050770759584	6.859761e-17
5050.788806438448	6.3394434e-17
5052.526842117311	7.293706e-17
5054.264877796175	8.671853e-17
5056.002913475038	8.665155e-17
5057.740949153902	7.717611e-17
5059.4789848327655	7.2946094e-17
5061.217020511629	7.780544e-17
5062.9550561904925	9.131797e-17
5064.693091869356	1.0334155e-16
5066.43112754822	9.69676e-17
5068.169163227083	8.346844e-17
5069.907198905947	9.136254e-17
5071.64523458481	1.1711824e-16
5073.383270263674	1.3717028e-16
5075.121305942537	1.4160085e-16
5076.859341621401	1.2923738e-16
5078.597377300264	1.07766625e-16
5080.335412979128	9.2006486e-17
5082.073448657991	9.085155e-17
5083.811484336855	1.0825531e-16
5085.549520015718	1.3483641e-16
5087.287555694582	1.4912302e-16
5089.025591373445	1.4336365e-16
5090.763627052309	1.2314362e-16
5092.5016627311725	9.750375e-17
5094.239698410036	7.9818244e-17
5095.9777340888995	7.376506e-17
5097.715769767763	7.1521933e-17
5099.453805446627	6.698589e-17
5101.19184112549	5.4787193e-17
5102.929876804354	3.9813586e-17
5104.667912483217	4.271334e-17
5106.405948162081	6.561411e-17
5108.143983840944	8.28491e-17
5109.882019519808	8.525566e-17
5111.620055198671	9.0106445e-17
5113.358090877535	1.0281032e-16
5115.096126556398	1.08353566e-16
5116.834162235262	1.0394537e-16
5118.572197914125	1.09378575e-16
5120.310233592989	1.293887e-16
5122.048269271852	1.39124e-16
5123.786304950716	1.2601713e-16
5125.5243406295795	1.0319844e-16
5127.262376308443	8.139072e-17
5129.0004119873065	6.5809384e-17
5130.73844766617	5.828206e-17
5132.476483345034	4.8693317e-17
5134.214519023897	3.4121604e-17
5135.952554702761	3.5531808e-17
5137.690590381624	6.308093e-17
5139.428626060488	9.4660346e-17
5141.166661739351	1.1187057e-16
5142.904697418215	1.120877e-16
5144.642733097078	9.7261875e-17
5146.380768775942	8.0939146e-17
5148.118804454805	7.521986e-17
5149.856840133669	8.189038e-17
5151.594875812532	9.86889e-17
5153.332911491396	1.10930585e-16
5155.070947170259	1.0715594e-16
5156.808982849123	9.79085e-17
5158.547018527986	9.408116e-17
5160.28505420685	9.605365e-17
5162.0230898857135	1.02333697e-16
5163.761125564577	1.0583884e-16
5165.4991612434405	1.00402005e-16
5167.237196922304	9.084087e-17
5168.975232601168	8.338725e-17
5170.713268280031	8.268051e-17
5172.451303958895	9.157176e-17
5174.189339637758	1.0439933e-16
5175.927375316622	1.139815e-16
5177.665410995485	1.127712e-16
5179.403446674349	9.536458e-17
5181.141482353212	7.4387347e-17
5182.879518032076	6.537357e-17
5184.617553710939	6.6231544e-17
5186.355589389803	7.062388e-17
5188.093625068666	7.853092e-17
5189.83166074753	9.0087076e-17
5191.569696426393	1.050596e-16
5193.307732105257	1.238784e-16
5195.0457677841205	1.2700686e-16
5196.783803462984	9.0826476e-17
5198.5218391418475	5.0383518e-17
5200.259874820711	5.7837514e-17
5201.997910499575	9.525134e-17
5203.735946178438	1.2041939e-16
5205.473981857302	1.1814443e-16
5207.212017536165	8.33786e-17
5208.950053215029	4.264251e-17
5210.688088893892	3.6749616e-17
5212.426124572756	6.118528e-17
5214.164160251619	8.984386e-17
5215.902195930483	1.062088e-16
5217.640231609346	9.770859e-17
5219.37826728821	7.475675e-17
5221.116302967073	6.163974e-17
5222.854338645937	6.4060467e-17
5224.5923743248	7.668115e-17
5226.330410003664	9.033124e-17
5228.068445682527	9.254236e-17
5229.806481361391	8.3095474e-17
5231.5445170402545	7.0588675e-17
5233.282552719118	6.282895e-17
5235.020588397982	6.773848e-17
5236.758624076845	8.121319e-17
5238.496659755709	8.80354e-17
5240.234695434572	8.661188e-17
5241.972731113436	8.846448e-17
5243.710766792299	9.2244925e-17
5245.448802471163	8.423023e-17
5247.186838150026	6.604337e-17
5248.92487382889	5.4542146e-17
5250.662909507753	5.6810506e-17
5252.400945186617	6.940631e-17
5254.13898086548	8.754595e-17
5255.877016544344	1.0463489e-16
5257.615052223207	1.1499434e-16
5259.353087902071	1.1435787e-16
5261.091123580934	1.0529373e-16
5262.829159259798	1.0032603e-16
5264.5671949386615	1.0418747e-16
5266.305230617525	1.0971175e-16
5268.0432662963885	1.1034658e-16
5269.781301975252	9.8867036e-17
5271.519337654116	7.778195e-17
5273.257373332979	6.892848e-17
5274.995409011843	8.0720175e-17
5276.733444690707	9.471785e-17
5278.471480369571	9.8429034e-17
5280.209516048434	9.2230665e-17
5281.947551727298	7.900926e-17
5283.685587406161	6.7467485e-17
5285.423623085025	6.452579e-17
5287.161658763888	7.144538e-17
5288.899694442752	8.616493e-17
5290.637730121615	9.8781565e-17
5292.375765800479	1.0240552e-16
5294.113801479342	1.01095315e-16
5295.851837158206	9.8724655e-17
5297.589872837069	9.55626e-17
5299.327908515933	9.2552226e-17
5301.065944194796	9.218717e-17
5302.80397987366	9.613605e-17
5304.5420155525235	1.05076495e-16
5306.280051231387	1.1761128e-16
5308.0180869102505	1.2295181e-16
5309.756122589114	1.1405791e-16
5311.494158267978	1.06403875e-16
5313.232193946841	1.128216e-16
5314.970229625705	1.2070913e-16
5316.708265304568	1.1727472e-16
5318.446300983432	1.0266958e-16
5320.184336662295	7.983584e-17
5321.922372341159	5.945183e-17
5323.660408020022	5.1521355e-17
5325.398443698886	4.904079e-17
5327.136479377749	4.35336e-17
5328.874515056613	4.1117524e-17
5330.612550735476	4.863367e-17
5332.35058641434	6.234461e-17
5334.088622093203	7.6526654e-17
5335.826657772067	8.577719e-17
5337.5646934509305	8.5730627e-17
5339.302729129794	7.7283134e-17
5341.0407648086575	6.343883e-17
5342.778800487521	5.4048726e-17
5344.516836166385	5.945185e-17
5346.254871845248	7.324164e-17
5347.992907524112	8.434201e-17
5349.730943202975	8.9139246e-17
5351.468978881839	8.63923e-17
5353.207014560702	8.252805e-17
5354.945050239566	8.6752684e-17
5356.683085918429	9.3577646e-17
5358.421121597293	9.2234046e-17
5360.159157276156	8.615674e-17
5361.89719295502	8.407914e-17
5363.635228633883	8.531013e-17
5365.373264312747	8.555974e-17
5367.11129999161	8.278712e-17
5368.849335670474	7.5657936e-17
5370.587371349337	6.7816356e-17
5372.325407028201	6.563419e-17
5374.0634427070645	6.801754e-17
5375.801478385928	6.965072e-17
5377.539514064792	6.936349e-17
5379.277549743655	6.824311e-17
5381.015585422519	6.7082495e-17
5382.753621101382	6.714233e-17
5384.491656780246	6.6866435e-17
5386.229692459109	6.229133e-17
5387.967728137973	5.763052e-17
5389.705763816836	6.280355e-17
5391.4437994957	8.0011956e-17
5393.181835174563	1.05792403e-16
5394.919870853427	1.3047746e-16
5396.65790653229	1.3866046e-16
5398.395942211154	1.2856465e-16
5400.133977890017	1.1177508e-16
5401.872013568881	9.7562936e-17
5403.610049247744	9.261023e-17
5405.348084926608	9.877133e-17
5407.0861206054715	1.1223001e-16
5408.824156284335	1.2551194e-16
5410.5621919631985	1.2683327e-16
5412.300227642062	1.1432091e-16
5414.038263320926	9.901329e-17
5415.776298999789	9.023742e-17
5417.514334678653	9.568634e-17
5419.252370357516	1.1288538e-16
5420.99040603638	1.2243321e-16
5422.728441715243	1.160754e-16
5424.466477394107	1.0525382e-16
5426.20451307297	9.682319e-17
5427.942548751834	8.919583e-17
5429.680584430697	8.238253e-17
5431.418620109561	7.791845e-17
5433.156655788424	7.7357845e-17
5434.894691467288	8.403654e-17
5436.632727146151	9.696746e-17
5438.370762825015	1.05063095e-16
5440.1087985038785	1.02398356e-16
5441.846834182742	9.659302e-17
5443.5848698616055	9.357709e-17
5445.32290554047	9.3012106e-17
5447.0609412193335	9.451471e-17
5448.798976898197	9.8034905e-17
5450.5370125770605	1.02481914e-16
5452.275048255924	1.0361903e-16
5454.013083934788	9.957096e-17
5455.751119613651	9.795856e-17
5457.489155292515	1.0385115e-16
5459.227190971378	1.1029333e-16
5460.965226650242	1.11015215e-16
5462.703262329105	1.0507271e-16
5464.441298007969	9.365283e-17
5466.179333686832	8.629185e-17
5467.917369365696	9.0498396e-17
5469.655405044559	9.8516754e-17
5471.393440723423	1.02180695e-16
5473.131476402286	1.0195106e-16
5474.86951208115	9.9509034e-17
5476.607547760013	9.820152e-17
5478.345583438877	1.0101319e-16
5480.08361911774	1.0527662e-16
5481.821654796604	1.0763997e-16
5483.5596904754675	1.0659697e-16
5485.297726154331	1.0156697e-16
5487.035761833195	9.581478e-17
5488.773797512058	9.307147e-17
5490.511833190922	9.589735e-17
5492.249868869785	1.0571053e-16
5493.987904548649	1.142671e-16
5495.725940227512	1.1210498e-16
5497.463975906376	1.0415862e-16
5499.202011585239	9.897846e-17
5500.940047264103	9.8457475e-17
5502.678082942966	1.0237202e-16
5504.41611862183	1.106739e-16
5506.154154300693	1.2275936e-16
5507.892189979557	1.3259488e-16
5509.63022565842	1.3310456e-16
5511.368261337284	1.2570619e-16
5513.106297016147	1.1486358e-16
5514.844332695011	1.088011e-16
5516.5823683738745	1.1727252e-16
5518.320404052738	1.3043233e-16
5520.0584397316015	1.2964283e-16
5521.796475410465	1.1997993e-16
5523.534511089329	1.1755573e-16
5525.272546768192	1.2190633e-16
5527.010582447056	1.2500466e-16
5528.748618125919	1.2329373e-16
5530.486653804783	1.1441132e-16
5532.224689483646	1.0606321e-16
5533.96272516251	1.1301971e-16
5535.700760841373	1.2763275e-16
5537.438796520237	1.2732635e-16
5539.1768321991	1.1281289e-16
5540.914867877964	1.0087735e-16
5542.652903556827	9.701963e-17
5544.390939235691	9.89925e-17
5546.128974914554	1.0386514e-16
5547.867010593418	1.070652e-16
5549.6050462722815	1.07781376e-16
5551.343081951145	1.09620906e-16
5553.0811176300085	1.114529e-16
5554.819153308872	1.06473266e-16
5556.557188987736	1.0009288e-16
5558.295224666599	1.1175079e-16
5560.033260345463	1.3880905e-16
5561.771296024326	1.5248251e-16
5563.50933170319	1.4855804e-16
5565.247367382053	1.5260094e-16
5566.985403060917	1.7361907e-16
5568.72343873978	2.0134769e-16
5570.461474418644	2.2212311e-16
5572.199510097507	2.1463504e-16
5573.937545776371	1.7685818e-16
5575.675581455234	1.3811382e-16
5577.413617134098	1.1404482e-16
5579.151652812961	9.6518405e-17
5580.889688491825	7.987352e-17
5582.627724170688	6.078042e-17
5584.365759849552	4.080547e-17
5586.1037955284155	3.4661604e-17
5587.841831207279	4.632192e-17
5589.579866886143	5.5246817e-17
5591.317902565006	5.143482e-17
5593.05593824387	5.1157984e-17
5594.793973922733	6.314391e-17
5596.532009601597	7.570128e-17
5598.27004528046	8.182708e-17
5600.008080959324	8.853176e-17
5601.746116638187	9.916051e-17
5603.484152317051	1.0576709e-16
5605.222187995914	1.02901725e-16
5606.960223674778	9.209488e-17
5608.698259353641	7.7274697e-17
5610.436295032505	7.045811e-17
5612.174330711368	7.8747376e-17
5613.912366390232	8.805309e-17
5615.650402069095	8.639172e-17
5617.388437747959	7.7456e-17
5619.1264734268225	6.685412e-17
5620.864509105686	6.411645e-17
5622.6025447845495	7.5697574e-17
5624.340580463413	8.984659e-17
5626.078616142277	9.466017e-17
5627.81665182114	8.90501e-17
5629.554687500004	7.503644e-17
5631.292723178867	6.4230747e-17
5633.030758857731	6.756266e-17
5634.768794536594	7.99329e-17
5636.506830215458	9.3481534e-17
5638.244865894321	1.0556031e-16
5639.982901573185	1.1410516e-16
5641.720937252048	1.1461183e-16
5643.458972930912	1.0399494e-16
5645.197008609775	8.7461935e-17
5646.935044288639	7.214804e-17
5648.673079967502	6.6260185e-17
5650.411115646366	7.6606474e-17
5652.1491513252295	9.4889104e-17
5653.887187004093	1.0885797e-16
5655.6252226829565	1.1639223e-16
5657.36325836182	1.1869135e-16
5659.101294040684	1.1587256e-16
5660.839329719547	1.08285407e-16
5662.577365398411	1.02752865e-16
5664.315401077274	1.07737595e-16
5666.053436756138	1.1584142e-16
5667.791472435001	1.1417348e-16
5669.529508113865	1.05047226e-16
5671.267543792728	9.666314e-17
5673.005579471592	9.30169e-17
5674.743615150455	9.634419e-17
5676.481650829319	1.04440135e-16
5678.219686508182	1.1256319e-16
5679.957722187046	1.175711e-16
5681.695757865909	1.1757958e-16
5683.433793544773	1.119792e-16
5685.171829223636	1.0102095e-16
5686.9098649025	9.0077136e-17
5688.6479005813635	8.730331e-17
5690.385936260227	9.31452e-17
5692.123971939091	1.0290845e-16
5693.862007617954	1.1105478e-16
5695.600043296818	1.1169923e-16
5697.338078975681	1.028337e-16
5699.076114654545	8.5515414e-17
5700.814150333408	6.636265e-17
5702.552186012272	5.6581046e-17
5704.290221691135	5.8676235e-17
5706.028257369999	6.702527e-17
5707.766293048862	7.7431656e-17
5709.504328727726	8.6928854e-17
5711.242364406589	9.357466e-17
5712.980400085453	9.710707e-17
5714.718435764316	9.7673116e-17
5716.45647144318	9.6112e-17
5718.194507122043	9.2326366e-17
5719.932542800907	8.402861e-17
5721.6705784797705	7.4602685e-17
5723.408614158634	7.587837e-17
5725.1466498374975	8.815872e-17
5726.884685516361	9.4194564e-17
5728.622721195225	8.976984e-17
5730.360756874088	9.166202e-17
5732.098792552952	1.04911926e-16
5733.836828231815	1.1577601e-16
5735.574863910679	1.1552933e-16
5737.312899589542	1.0333789e-16
5739.050935268406	8.2008466e-17
5740.788970947269	6.101114e-17
5742.527006626133	4.8943734e-17
5744.265042304996	5.2275876e-17
5746.00307798386	7.066776e-17
5747.741113662723	8.8769635e-17
5749.479149341587	9.625846e-17
5751.21718502045	9.782262e-17
5752.955220699314	9.7586216e-17
5754.6932563781775	9.587221e-17
5756.431292057041	9.42417e-17
5758.1693277359045	9.746408e-17
5759.907363414768	1.0702813e-16
5761.645399093632	1.1401692e-16
5763.383434772495	1.1198973e-16
5765.121470451359	1.0527512e-16
5766.859506130222	9.845411e-17
5768.597541809086	9.3754484e-17
5770.335577487949	9.2764534e-17
5772.073613166813	9.412349e-17
5773.811648845676	9.628231e-17
5775.54968452454	1.0059503e-16
5777.287720203403	1.07492815e-16
5779.025755882267	1.10872986e-16
5780.76379156113	1.06027766e-16
5782.501827239994	9.960163e-17
5784.239862918857	9.8344006e-17
5785.977898597721	1.0019178e-16
5787.715934276584	1.0205005e-16
5789.453969955448	1.0133488e-16
5791.1920056343115	9.60878e-17
5792.930041313175	9.237044e-17
5794.668076992039	9.634726e-17
5796.406112670902	9.9174317e-17
5798.144148349766	9.081837e-17
5799.882184028629	7.8722336e-17
5801.620219707493	7.3053746e-17
5803.358255386356	7.3377644e-17
5805.09629106522	7.6829614e-17
5806.834326744083	7.859607e-17
5808.572362422947	7.3838595e-17
5810.31039810181	6.698693e-17
5812.048433780674	6.472854e-17
5813.786469459537	7.1091674e-17
5815.524505138401	8.871415e-17
5817.262540817264	1.07099025e-16
5819.000576496128	1.1180568e-16
5820.738612174991	1.0616786e-16
5822.476647853855	1.0014113e-16
5824.2146835327185	9.778994e-17
5825.952719211582	1.00983956e-16
5827.6907548904455	1.0655308e-16
5829.428790569309	1.0878843e-16
5831.166826248173	1.0635023e-16
5832.904861927036	1.0034335e-16
5834.6428976059	9.2395194e-17
5836.380933284763	8.4185195e-17
5838.118968963627	8.0809795e-17
5839.85700464249	8.928083e-17
5841.595040321354	1.0349225e-16
5843.333076000217	1.0926039e-16
5845.071111679081	1.0603969e-16
5846.809147357944	1.02130515e-16
5848.547183036808	1.00644005e-16
5850.285218715671	1.0181049e-16
5852.023254394535	1.03784135e-16
5853.761290073398	1.02050814e-16
5855.499325752262	9.9516855e-17
5857.2373614311255	1.05660663e-16
5858.975397109989	1.1829965e-16
5860.7134327888525	1.2523825e-16
5862.451468467716	1.2151193e-16
5864.18950414658	1.0841403e-16
5865.927539825443	9.1693044e-17
5867.665575504307	8.2780775e-17
5869.40361118317	8.311684e-17
5871.141646862034	8.1806925e-17
5872.879682540897	7.676872e-17
5874.617718219761	7.657177e-17
5876.355753898624	8.4346416e-17
5878.093789577488	9.698953e-17
5879.831825256351	1.10344054e-16
5881.569860935215	1.1864975e-16
5883.307896614078	1.1816898e-16
5885.045932292942	1.0776094e-16
5886.783967971805	9.150334e-17
5888.522003650669	8.298435e-17
5890.260039329532	8.55699e-17
5891.998075008396	8.274235e-17
5893.7361106872595	6.7779755e-17
5895.474146366123	5.2947987e-17
5897.212182044987	4.7744147e-17
5898.95021772385	5.7579864e-17
5900.688253402714	8.0515544e-17
5902.426289081577	9.599163e-17
5904.164324760441	9.3569824e-17
5905.902360439304	9.177034e-17
5907.640396118168	1.0106221e-16
5909.378431797031	1.06728865e-16
5911.116467475895	9.945472e-17
5912.854503154758	8.5701616e-17
5914.592538833622	7.2853e-17
5916.330574512485	7.094244e-17
5918.068610191349	8.4887485e-17
5919.806645870212	1.01423136e-16
5921.544681549076	1.0865737e-16
5923.282717227939	1.0526248e-16
5925.020752906803	9.29912e-17
5926.7587885856665	8.262094e-17
5928.49682426453	8.3142914e-17
5930.2348599433935	8.916548e-17
5931.972895622257	9.4471265e-17
5933.710931301121	1.0011484e-16
5935.448966979984	1.0654662e-16
5937.187002658848	1.0343839e-16
5938.925038337711	8.378036e-17
5940.663074016575	6.9563785e-17
5942.401109695438	8.150753e-17
5944.139145374302	1.0372768e-16
5945.877181053165	1.1641588e-16
5947.615216732029	1.1764786e-16
5949.353252410892	1.0923373e-16
5951.091288089756	9.5512534e-17
5952.829323768619	8.219835e-17
5954.567359447484	7.6321685e-17
5956.305395126347	8.3509865e-17
5958.043430805211	9.7758746e-17
5959.781466484074	1.1002882e-16
5961.519502162938	1.1618867e-16
5963.257537841801	1.1436428e-16
5964.995573520665	1.0315286e-16
5966.7336091995285	8.23028e-17
5968.471644878392	6.8310865e-17
5970.2096805572555	8.086936e-17
5971.947716236119	1.0849181e-16
5973.685751914983	1.2951093e-16
5975.423787593846	1.3401578e-16
5977.16182327271	1.170417e-16
5978.899858951573	9.179251e-17
5980.637894630437	7.9142464e-17
5982.3759303093	8.162699e-17
5984.113965988164	9.3168496e-17
5985.852001667027	1.0656603e-16
5987.590037345891	1.1361455e-16
5989.328073024754	1.1215035e-16
5991.066108703618	1.03737455e-16
5992.804144382481	9.2812226e-17
5994.542180061345	8.5934444e-17
5996.280215740208	8.325955e-17
5998.018251419072	8.0210294e-17
5999.7562870979355	8.0150334e-17
6001.494322776799	9.1634704e-17
6003.2323584556625	1.0963166e-16
6004.970394134526	1.1982401e-16
6006.70842981339	1.1888328e-16
6008.446465492253	1.1164156e-16
6010.184501171117	1.02549266e-16
6011.92253684998	9.6639385e-17
6013.660572528844	9.407907e-17
6015.398608207707	8.9260894e-17
6017.136643886571	8.5197135e-17
6018.874679565434	9.426195e-17
6020.612715244298	1.1243114e-16
6022.350750923161	1.1806e-16
6024.088786602025	1.08313895e-16
6025.826822280888	1.0145002e-16
6027.564857959752	1.0493571e-16
6029.302893638615	1.14295e-16
6031.040929317479	1.235201e-16
6032.778964996342	1.2276031e-16
6034.517000675206	1.1127807e-16
6036.2550363540695	1.0287175e-16
6037.993072032933	1.02571217e-16
6039.7311077117965	1.00899485e-16
6041.46914339066	9.5386365e-17
6043.207179069524	9.5007424e-17
6044.945214748387	1.0310687e-16
6046.683250427251	1.142891e-16
6048.421286106114	1.2268588e-16
6050.159321784978	1.2096226e-16
6051.897357463841	1.07045655e-16
6053.635393142705	8.93357e-17
6055.373428821568	7.623924e-17
6057.111464500432	7.622152e-17
6058.849500179295	9.039014e-17
6060.587535858159	1.0099935e-16
6062.325571537022	9.68737e-17
6064.063607215886	8.714676e-17
6065.801642894749	8.003296e-17
6067.539678573613	7.90939e-17
6069.2777142524765	8.54193e-17
6071.01574993134	9.0546525e-17
6072.7537856102035	8.891607e-17
6074.491821289067	8.9447824e-17
6076.229856967931	9.819388e-17
6077.967892646794	1.0719248e-16
6079.705928325658	1.0934785e-16
6081.443964004521	1.0277239e-16
6083.181999683385	8.861725e-17
6084.920035362248	8.172009e-17
6086.658071041112	9.324869e-17
6088.396106719975	1.0712027e-16
6090.134142398839	1.07861665e-16
6091.872178077702	1.0281076e-16
6093.610213756566	1.0080828e-16
6095.348249435429	1.0252544e-16
6097.086285114293	1.0739641e-16
6098.824320793156	1.1234784e-16
6100.56235647202	1.1406384e-16
6102.300392150883	1.1116742e-16
6104.038427829747	1.0347515e-16
6105.7764635086105	9.720634e-17
6107.514499187474	9.8919896e-17
6109.252534866338	1.05180045e-16
6110.990570545201	1.104064e-16
6112.728606224065	1.1491299e-16
6114.466641902928	1.2004087e-16
6116.204677581792	1.2145764e-16
6117.942713260655	1.1450451e-16
6119.680748939519	1.0292171e-16
6121.418784618382	9.260054e-17
6123.156820297247	8.953443e-17
6124.89485597611	9.894566e-17
6126.632891654974	1.1249144e-16
6128.370927333837	1.1732706e-16
6130.108963012701	1.1300934e-16
6131.846998691564	1.04101104e-16
6133.585034370428	9.2207835e-17
6135.323070049291	7.8405545e-17
6137.061105728155	6.631802e-17
6138.799141407018	6.000396e-17
6140.537177085882	6.180279e-17
6142.275212764745	7.2794025e-17
6144.013248443609	8.813847e-17
6145.7512841224725	1.0005294e-16
6147.489319801336	1.04757237e-16
6149.2273554802	1.0119234e-16
6150.965391159063	9.21009e-17
6152.703426837927	8.243818e-17
6154.44146251679	7.7913174e-17
6156.179498195654	8.458191e-17
6157.917533874517	9.848088e-17
6159.655569553381	1.0851991e-16
6161.393605232244	1.10247936e-16
6163.131640911108	1.04195806e-16
6164.869676589971	9.449182e-17
6166.607712268835	8.860757e-17
6168.345747947698	8.880447e-17
6170.083783626562	9.244279e-17
6171.821819305425	9.614674e-17
6173.559854984289	9.5947564e-17
6175.297890663152	8.999929e-17
6177.035926342016	7.8420964e-17
6178.7739620208795	6.640359e-17
6180.511997699743	6.501511e-17
6182.2500333786065	7.5993705e-17
6183.98806905747	9.018844e-17
6185.726104736334	9.903361e-17
6187.464140415197	9.350037e-17
6189.202176094061	7.678509e-17
6190.940211772924	7.0818784e-17
6192.678247451788	8.349872e-17
6194.416283130651	1.0065441e-16
6196.154318809515	1.1234373e-16
6197.892354488378	1.1508417e-16
6199.630390167242	1.08962656e-16
6201.368425846105	1.02154437e-16
6203.106461524969	9.8930987e-17
6204.844497203832	9.371327e-17
6206.582532882696	8.5471395e-17
6208.320568561559	8.431562e-17
6210.058604240423	9.2577485e-17
6211.7966399192865	9.278965e-17
6213.53467559815	7.870326e-17
6215.2727112770135	7.496997e-17
6217.010746955877	9.4209545e-17
6218.748782634741	1.137521e-16
6220.486818313604	1.1786266e-16
6222.224853992468	1.1542102e-16
6223.962889671331	1.1318156e-16
6225.700925350195	1.078841e-16
6227.438961029058	9.800224e-17
6229.176996707922	8.6905594e-17
6230.915032386785	7.7848356e-17
6232.653068065649	7.265522e-17
6234.391103744512	7.267314e-17
6236.129139423376	7.994989e-17
6237.867175102239	9.42035e-17
6239.605210781103	1.0477277e-16
6241.343246459966	1.03299724e-16
6243.08128213883	9.870254e-17
6244.819317817693	1.00050413e-16
6246.557353496557	1.04609165e-16
6248.2953891754205	1.08588876e-16
6250.033424854284	1.1119455e-16
6251.771460533148	1.116835e-16
6253.509496212011	1.0846814e-16
6255.247531890875	1.0061201e-16
6256.985567569738	8.880254e-17
6258.723603248602	7.46769e-17
6260.461638927465	6.491761e-17
6262.199674606329	6.599808e-17
6263.937710285192	7.3463796e-17
6265.675745964056	8.0432826e-17
6267.413781642919	8.895601e-17
6269.151817321783	1.0249111e-16
6270.889853000646	1.1155914e-16
6272.62788867951	1.0494529e-16
6274.365924358373	9.247476e-17
6276.103960037237	8.9082296e-17
6277.8419957161	9.2784465e-17
6279.580031394964	9.666768e-17
6281.3180670738275	9.564829e-17
6283.056102752691	8.530387e-17
6284.7941384315545	7.156892e-17
6286.532174110418	6.418253e-17
6288.270209789282	6.4405235e-17
6290.008245468145	7.004832e-17
6291.746281147009	7.642522e-17
6293.484316825872	7.7297904e-17
6295.222352504736	7.5689395e-17
6296.960388183599	7.947344e-17
6298.698423862463	8.536626e-17
6300.436459541326	8.43904e-17
6302.17449522019	7.95811e-17
6303.912530899053	8.020174e-17
6305.650566577917	8.6913144e-17
6307.38860225678	9.594714e-17
6309.126637935644	1.0151875e-16
6310.864673614507	9.5659924e-17
6312.602709293371	8.425107e-17
6314.3407449722345	8.375274e-17
6316.078780651098	9.311432e-17
6317.8168163299615	9.7301136e-17
6319.554852008825	9.571557e-17
6321.292887687689	9.992132e-17
6323.030923366552	1.0768264e-16
6324.768959045416	1.045829e-16
6326.506994724279	9.1339626e-17
6328.245030403143	8.313026e-17
6329.983066082006	8.367697e-17
6331.72110176087	8.487109e-17
6333.459137439733	8.4582394e-17
6335.197173118597	8.671838e-17
6336.93520879746	9.2028674e-17
6338.673244476324	9.883032e-17
6340.411280155187	1.0306227e-16
6342.149315834051	9.6047806e-17
6343.887351512914	8.029707e-17
6345.625387191778	7.522032e-17
6347.363422870641	8.658098e-17
6349.101458549505	9.8900374e-17
6350.8394942283685	1.0289473e-16
6352.577529907232	9.9225284e-17
6354.3155655860955	9.028246e-17
6356.053601264959	8.1989884e-17
6357.791636943823	7.950686e-17
6359.529672622686	8.6399075e-17
6361.26770830155	1.0066663e-16
6363.005743980413	1.0833439e-16
6364.743779659277	1.0209255e-16
6366.48181533814	9.101074e-17
6368.219851017004	8.232711e-17
6369.957886695867	7.697273e-17
6371.695922374731	7.574361e-17
6373.433958053594	7.877055e-17
6375.171993732458	8.521733e-17
6376.910029411321	9.305047e-17
6378.648065090185	1.00248884e-16
6380.386100769048	1.0623996e-16
6382.124136447912	1.0988517e-16
6383.8621721267755	1.06380476e-16
6385.600207805639	9.3821426e-17
6387.3382434845025	8.0584716e-17
6389.076279163366	7.42533e-17
6390.81431484223	7.624222e-17
6392.552350521093	8.561073e-17
6394.290386199957	9.4598876e-17
6396.02842187882	9.6158416e-17
6397.766457557684	9.171754e-17
6399.504493236547	8.416835e-17
6401.242528915411	7.623321e-17
6402.980564594274	7.077511e-17
6404.718600273138	7.023794e-17
6406.456635952001	7.587132e-17
6408.194671630865	8.5255865e-17
6409.932707309728	9.4973675e-17
6411.670742988592	9.934442e-17
6413.408778667455	9.3774243e-17
6415.146814346319	8.355131e-17
6416.8848500251825	7.5672196e-17
6418.622885704046	7.369739e-17
6420.3609213829095	7.9716157e-17
6422.098957061773	8.549965e-17
6423.836992740637	8.116735e-17
6425.5750284195	7.4806284e-17
6427.313064098364	7.822183e-17
6429.051099777227	8.678119e-17
6430.789135456091	9.1791233e-17
6432.527171134954	9.130397e-17
6434.265206813818	8.557014e-17
6436.003242492681	7.890815e-17
6437.741278171545	7.700352e-17
6439.479313850408	8.135699e-17
6441.217349529272	9.1344165e-17
6442.955385208135	1.0327288e-16
6444.693420886999	1.1245483e-16
6446.431456565862	1.1410701e-16
6448.169492244726	1.03679685e-16
6449.907527923589	8.936479e-17
6451.645563602453	8.5385474e-17
6453.3835992813165	9.0539676e-17
6455.12163496018	9.5717006e-17
6456.8596706390435	9.651418e-17
6458.597706317907	9.08372e-17
6460.335741996771	8.130783e-17
6462.073777675634	7.346179e-17
6463.811813354498	7.093741e-17
6465.549849033361	7.690414e-17
6467.287884712225	8.397015e-17
6469.025920391088	7.616085e-17
6470.763956069952	6.029562e-17
6472.501991748815	6.0842026e-17
6474.240027427679	7.955989e-17
6475.978063106542	1.0027158e-16
6477.716098785406	1.1259665e-16
6479.454134464269	1.0969569e-16
6481.192170143133	9.629853e-17
6482.930205821996	9.0542296e-17
6484.66824150086	9.285884e-17
6486.4062771797235	8.3871905e-17
6488.144312858587	6.2891144e-17
6489.8823485374505	4.9525775e-17
6491.620384216314	5.2646552e-17
6493.358419895178	6.961192e-17
6495.096455574041	9.2552544e-17
6496.834491252905	1.0570972e-16
6498.572526931768	1.0285699e-16
6500.310562610632	9.188673e-17
6502.048598289495	8.0911446e-17
6503.786633968359	7.8709623e-17
6505.524669647222	8.709656e-17
6507.262705326086	9.493923e-17
6509.000741004949	9.5994006e-17
6510.738776683813	9.40979e-17
6512.476812362676	9.099812e-17
6514.21484804154	8.3659585e-17
6515.952883720403	7.35354e-17
6517.690919399267	7.1830267e-17
6519.4289550781305	8.2366476e-17
6521.166990756994	9.1631124e-17
6522.9050264358575	9.110466e-17
6524.643062114721	8.554823e-17
6526.381097793585	7.997439e-17
6528.119133472448	8.017595e-17
6529.857169151312	8.82156e-17
6531.595204830175	9.3483704e-17
6533.333240509039	8.891445e-17
6535.071276187902	8.1553676e-17
6536.809311866766	7.733002e-17
6538.547347545629	7.541679e-17
6540.285383224493	7.475201e-17
6542.023418903356	7.3322534e-17
6543.76145458222	7.024924e-17
6545.499490261083	7.1771616e-17
6547.237525939947	8.2091475e-17
6548.97556161881	9.4012624e-17
6550.713597297674	1.0033285e-16
6552.451632976537	1.001645e-16
6554.189668655401	9.396426e-17
6555.9277043342645	8.278355e-17
6557.665740013128	6.894357e-17
6559.4037756919915	6.054478e-17
6561.141811370855	6.4330485e-17
6562.879847049719	7.261921e-17
6564.617882728582	7.640036e-17
6566.355918407446	7.93354e-17
6568.093954086309	8.6306616e-17
6569.831989765173	9.236554e-17
6571.570025444036	9.181038e-17
6573.3080611229	8.9120797e-17
6575.046096801763	9.033084e-17
6576.784132480627	9.1131646e-17
6578.52216815949	8.5538985e-17
6580.260203838354	7.942359e-17
6581.998239517217	8.092787e-17
6583.736275196081	8.4973326e-17
6585.474310874944	8.33138e-17
6587.212346553808	7.904275e-17
6588.9503822326715	7.842792e-17
6590.688417911535	8.106236e-17
6592.4264535903985	8.419259e-17
6594.164489269262	8.914736e-17
6595.902524948126	9.877209e-17
6597.640560626989	1.0549118e-16
6599.378596305853	9.7713926e-17
6601.116631984716	8.517223e-17
6602.85466766358	8.6780855e-17
6604.592703342443	9.718396e-17
6606.330739021307	9.997543e-17
6608.06877470017	9.348726e-17
6609.806810379034	8.306326e-17
6611.544846057897	7.4587994e-17
6613.282881736761	7.455059e-17
6615.020917415624	8.2914295e-17
6616.758953094488	9.547703e-17
6618.496988773351	1.0604677e-16
6620.235024452215	1.0713123e-16
6621.9730601310785	9.9507465e-17
6623.711095809942	9.0082166e-17
6625.4491314888055	8.342657e-17
6627.187167167669	8.22931e-17
6628.925202846533	8.657044e-17
6630.663238525396	9.351525e-17
6632.4012742042605	9.9930115e-17
6634.139309883124	1.02276356e-16
6635.877345561988	1.00768366e-16
6637.615381240851	9.928223e-17
6639.353416919715	1.0042188e-16
6641.091452598578	1.057783e-16
6642.829488277442	1.1309565e-16
6644.567523956305	1.1516916e-16
6646.305559635169	1.1107855e-16
6648.043595314032	1.0815075e-16
6649.781630992896	1.08438256e-16
6651.519666671759	1.0678388e-16
6653.257702350623	1.0257266e-16
6654.995738029486	1.0115633e-16
6656.73377370835	1.0521969e-16
6658.471809387213	1.1433056e-16
6660.209845066077	1.2502044e-16
6661.94788074494	1.2824726e-16
6663.685916423804	1.2098758e-16
6665.4239521026675	1.1113103e-16
6667.161987781531	1.04946754e-16
6668.900023460395	1.0555045e-16
6670.638059139258	1.1269968e-16
6672.376094818122	1.1804202e-16
6674.114130496985	1.1756893e-16
6675.852166175849	1.1919179e-16
6677.590201854712	1.266239e-16
6679.328237533576	1.3184513e-16
6681.066273212439	1.3053503e-16
6682.804308891303	1.2985849e-16
6684.542344570166	1.3330287e-16
6686.28038024903	1.3102724e-16
6688.018415927893	1.1832938e-16
6689.756451606757	1.09214397e-16
6691.49448728562	1.1309432e-16
6693.232522964484	1.1950783e-16
6694.970558643347	1.1996563e-16
6696.708594322211	1.1902995e-16
6698.4466300010745	1.2062817e-16
6700.184665679938	1.230572e-16
6701.9227013588015	1.2463071e-16
6703.660737037665	1.2446382e-16
6705.398772716529	1.221348e-16
6707.136808395392	1.1941628e-16
6708.874844074256	1.1811481e-16
6710.612879753119	1.17826e-16
6712.350915431983	1.1805798e-16
6714.088951110846	1.2063016e-16
6715.82698678971	1.267978e-16
6717.565022468573	1.338231e-16
6719.303058147437	1.385278e-16
6721.0410938263	1.372229e-16
6722.779129505164	1.2746487e-16
6724.517165184027	1.1710939e-16
6726.255200862891	1.1499359e-16
6727.993236541754	1.1893003e-16
6729.731272220618	1.242882e-16
6731.4693078994815	1.2734365e-16
6733.207343578345	1.2485217e-16
6734.9453792572085	1.2098483e-16
6736.683414936072	1.2161123e-16
6738.421450614936	1.2469098e-16
6740.159486293799	1.2614765e-16
6741.897521972663	1.2516162e-16
6743.635557651526	1.219522e-16
6745.37359333039	1.182398e-16
6747.111629009253	1.1633352e-16
6748.849664688117	1.171347e-16
6750.58770036698	1.2063738e-16
6752.325736045844	1.2656791e-16
6754.063771724707	1.3442247e-16
6755.801807403571	1.3981657e-16
6757.539843082434	1.373696e-16
6759.277878761298	1.2706709e-16
6761.015914440161	1.1117452e-16
6762.753950119025	9.9614575e-17
6764.491985797888	1.06198384e-16
6766.230021476752	1.2453323e-16
6767.9680571556155	1.3679442e-16
6769.706092834479	1.384234e-16
6771.444128513343	1.3252663e-16
6773.182164192206	1.2430284e-16
6774.92019987107	1.2146299e-16
6776.658235549933	1.225857e-16
6778.396271228797	1.1889521e-16
6780.13430690766	1.1213116e-16
6781.872342586524	1.1221334e-16
6783.610378265387	1.1821908e-16
6785.348413944251	1.2045526e-16
6787.086449623114	1.172582e-16
6788.824485301978	1.1395817e-16
6790.562520980841	1.1224608e-16
6792.300556659705	1.10622675e-16
6794.038592338568	1.09715615e-16
6795.776628017432	1.1153902e-16
6797.514663696295	1.1789946e-16
6799.252699375159	1.314244e-16
6800.990735054023	1.4699149e-16
6802.728770732887	1.4952097e-16
6804.46680641175	1.3616446e-16
6806.204842090614	1.2005437e-16
6807.9428777694775	1.10257564e-16
6809.680913448341	1.10764004e-16
6811.4189491272045	1.196469e-16
6813.156984806068	1.2414062e-16
6814.895020484932	1.2026592e-16
6816.633056163795	1.2032373e-16
6818.371091842659	1.289417e-16
6820.109127521522	1.3720401e-16
6821.847163200386	1.3907842e-16
6823.585198879249	1.3295975e-16
6825.323234558113	1.211025e-16
6827.061270236976	1.135473e-16
6828.79930591584	1.1798348e-16
6830.537341594703	1.3803199e-16
6832.275377273567	1.6903869e-16
6834.01341295243	1.8577558e-16
6835.751448631294	1.7400974e-16
6837.489484310157	1.5054003e-16
6839.227519989021	1.3150475e-16
6840.9655556678845	1.2705272e-16
6842.703591346748	1.4091441e-16
6844.4416270256115	1.5596435e-16
6846.179662704475	1.5806936e-16
6847.917698383339	1.5060497e-16
6849.655734062202	1.3847173e-16
6851.393769741066	1.2714628e-16
6853.131805419929	1.2127586e-16
6854.869841098793	1.1964031e-16
6856.607876777656	1.2000575e-16
6858.34591245652	1.1845345e-16
6860.083948135383	1.1244973e-16
6861.821983814247	1.09341855e-16
6863.56001949311	1.1543267e-16
6865.298055171974	1.2387748e-16
6867.036090850837	1.2752323e-16
6868.774126529701	1.2962927e-16
6870.512162208564	1.3390564e-16
6872.250197887428	1.3562284e-16
6873.9882335662915	1.3033545e-16
6875.726269245155	1.2346555e-16
6877.4643049240185	1.2127697e-16
6879.202340602882	1.2524416e-16
6880.940376281746	1.3504475e-16
6882.678411960609	1.4177772e-16
6884.416447639473	1.3586014e-16
6886.154483318336	1.2292846e-16
6887.8925189972	1.1216596e-16
6889.630554676063	1.0312928e-16
6891.368590354927	9.325864e-17
6893.10662603379	8.6687615e-17
6894.844661712654	8.854019e-17
6896.582697391517	9.469167e-17
6898.320733070381	9.8330096e-17
6900.058768749244	9.9830847e-17
6901.796804428108	1.01848856e-16
6903.534840106971	1.04586903e-16
6905.272875785835	1.0773589e-16
6907.010911464698	1.0914712e-16
6908.748947143562	1.0581821e-16
6910.4869828224255	1.0162716e-16
6912.225018501289	1.03508445e-16
6913.9630541801525	1.0875538e-16
6915.701089859016	1.09985614e-16
6917.43912553788	1.0849482e-16
6919.177161216743	1.0998306e-16
6920.915196895607	1.1321216e-16
6922.65323257447	1.130887e-16
6924.391268253334	1.1066105e-16
6926.129303932197	1.10715306e-16
6927.867339611061	1.1093687e-16
6929.605375289924	1.0478837e-16
6931.343410968788	9.2129166e-17
6933.081446647651	7.6702466e-17
6934.819482326515	6.462197e-17
6936.557518005378	6.4517494e-17
6938.295553684242	7.2834107e-17
6940.033589363105	7.534108e-17
6941.771625041969	7.069734e-17
6943.5096607208325	6.869243e-17
6945.247696399696	7.397526e-17
6946.9857320785595	8.76338e-17
6948.723767757423	1.0311522e-16
6950.461803436287	1.04416484e-16
6952.19983911515	9.144512e-17
6953.937874794014	8.311824e-17
6955.675910472877	8.5203395e-17
6957.413946151741	8.710625e-17
6959.151981830604	8.554884e-17
6960.890017509468	8.6020735e-17
6962.628053188331	9.061342e-17
6964.366088867195	9.807444e-17
6966.104124546058	1.0498252e-16
6967.842160224922	1.0369256e-16
6969.580195903785	9.277866e-17
6971.318231582649	8.147955e-17
6973.056267261512	7.5470755e-17
6974.794302940376	7.355187e-17
6976.532338619239	7.4636864e-17
6978.270374298103	7.74508e-17
6980.0084099769665	8.119538e-17
6981.74644565583	8.779065e-17
6983.484481334694	9.6224564e-17
6985.222517013557	9.772081e-17
6986.960552692421	8.9201635e-17
6988.698588371284	8.198409e-17
6990.436624050148	8.389867e-17
6992.174659729011	9.234576e-17
6993.912695407875	1.0364631e-16
6995.650731086738	1.1183543e-16
6997.388766765602	1.1316486e-16
6999.126802444465	1.1307965e-16
7000.864838123329	1.1549755e-16
7002.602873802192	1.1557569e-16
7004.340909481056	1.1018032e-16
7006.078945159919	1.0445863e-16
7007.816980838783	1.02495295e-16
7009.555016517646	1.0220261e-16
7011.29305219651	1.01068494e-16
7013.0310878753735	9.594359e-17
7014.769123554237	8.530898e-17
7016.5071592331005	7.604173e-17
7018.245194911964	7.464102e-17
7019.983230590828	8.1478574e-17
7021.721266269691	9.4729875e-17
7023.459301948555	1.0506283e-16
7025.197337627418	1.0393728e-16
7026.935373306282	9.637475e-17
7028.673408985145	8.9382186e-17
7030.411444664009	8.515317e-17
7032.149480342872	8.475587e-17
7033.887516021736	8.5906366e-17
7035.625551700599	8.5645705e-17
7037.363587379463	8.323318e-17
7039.101623058326	7.859048e-17
7040.83965873719	7.5617596e-17
7042.577694416053	7.8666187e-17
7044.315730094917	8.215928e-17
7046.0537657737805	7.861749e-17
7047.791801452644	7.1617794e-17
7049.5298371315075	6.7549435e-17
7051.267872810371	6.807805e-17
7053.005908489235	7.3528025e-17
7054.743944168098	7.952508e-17
7056.481979846962	7.9848916e-17
7058.220015525825	8.0631e-17
7059.958051204689	9.2194725e-17
7061.696086883552	1.0772086e-16
7063.434122562416	1.1418278e-16
7065.172158241279	1.09718514e-16
7066.910193920143	9.725815e-17
7068.648229599006	8.4981545e-17
7070.38626527787	8.351851e-17
7072.124300956733	9.2306454e-17
7073.862336635597	1.04940116e-16
7075.60037231446	1.1329383e-16
7077.338407993324	1.07994504e-16
7079.076443672187	9.367209e-17
7080.814479351051	8.3925904e-17
7082.5525150299145	8.144592e-17
7084.290550708778	8.203548e-17
7086.028586387642	8.272578e-17
7087.766622066505	8.0323195e-17
7089.504657745369	7.77303e-17
7091.242693424232	8.334362e-17
7092.980729103096	9.4058575e-17
7094.718764781959	9.716926e-17
7096.456800460823	9.065725e-17
7098.194836139686	8.1774897e-17
7099.93287181855	7.4971296e-17
7101.670907497413	7.249112e-17
7103.408943176277	7.3975755e-17
7105.14697885514	7.5869357e-17
7106.885014534004	7.6124214e-17
7108.623050212867	7.421834e-17
7110.361085891731	7.2093985e-17
7112.099121570594	7.5438574e-17
7113.837157249458	8.379948e-17
7115.5751929283215	8.813677e-17
7117.313228607185	8.554902e-17
7119.0512642860485	8.167218e-17
7120.789299964912	8.046522e-17
7122.527335643776	8.4343054e-17
7124.265371322639	9.127453e-17
7126.003407001503	9.037348e-17
7127.741442680366	7.938207e-17
7129.47947835923	7.22799e-17
7131.217514038093	7.673725e-17
7132.955549716957	8.8003884e-17
7134.69358539582	1.0127324e-16
7136.431621074684	1.1209588e-16
7138.169656753547	1.1665555e-16
7139.907692432411	1.1320703e-16
7141.645728111274	1.0257238e-16
7143.383763790138	9.0828925e-17
7145.121799469001	8.270764e-17
7146.859835147865	7.7784425e-17
7148.5978708267285	7.5455806e-17
7150.335906505592	7.6535985e-17
7152.0739421844555	7.990194e-17
7153.811977863319	7.789029e-17
7155.550013542183	6.666882e-17
7157.288049221046	5.714631e-17
7159.02608489991	5.7765086e-17
7160.764120578773	6.371088e-17
7162.502156257637	6.964865e-17
7164.2401919365	7.200119e-17
7165.978227615364	6.8763815e-17
7167.716263294227	6.619646e-17
7169.454298973091	6.9688425e-17
7171.192334651954	7.429272e-17
7172.930370330818	7.5035644e-17
7174.668406009681	7.365204e-17
7176.406441688545	7.244523e-17
7178.144477367408	7.1036504e-17
7179.882513046272	6.923133e-17
7181.620548725135	7.1656724e-17
7183.358584403999	8.197143e-17
7185.0966200828625	9.357778e-17
7186.834655761726	9.880375e-17
7188.57269144059	9.362846e-17
7190.310727119453	7.6385286e-17
7192.048762798317	5.8629986e-17
7193.78679847718	5.3593733e-17
7195.524834156044	5.873247e-17
7197.262869834907	6.7330424e-17
7199.000905513771	7.5110666e-17
7200.738941192634	7.838597e-17
7202.476976871498	7.6898865e-17
7204.215012550361	7.202837e-17
7205.953048229225	6.6141626e-17
7207.691083908088	6.1983264e-17
7209.429119586952	6.08414e-17
7211.167155265815	6.297141e-17
7212.905190944679	6.840768e-17
7214.643226623542	7.716709e-17
7216.381262302406	8.275136e-17
7218.1192979812695	7.61922e-17
7219.857333660133	6.527094e-17
7221.5953693389965	6.517642e-17
7223.33340501786	7.2335674e-17
7225.071440696724	7.4398186e-17
7226.809476375587	7.140772e-17
7228.547512054451	6.897288e-17
7230.285547733314	6.987693e-17
7232.023583412178	7.637746e-17
7233.761619091041	8.1390754e-17
7235.499654769905	7.1517586e-17
7237.237690448768	5.243218e-17
7238.975726127632	4.260307e-17
7240.713761806495	4.3246842e-17
7242.451797485359	4.3405168e-17
7244.189833164222	4.0201464e-17
7245.927868843086	3.6895974e-17
7247.665904521949	3.190683e-17
7249.403940200813	1.9538349e-17
7251.1419758796765	5.9096827e-18
7252.88001155854	7.568021e-18
7254.6180472374035	2.6016471e-17
7256.356082916267	4.850539e-17
7258.094118595131	6.5964014e-17
7259.832154273994	7.280241e-17
7261.570189952858	6.9337535e-17
7263.308225631721	6.305522e-17
7265.046261310585	6.045899e-17
7266.784296989448	6.698967e-17
7268.522332668312	8.078624e-17
7270.260368347175	8.9277604e-17
7271.998404026039	8.8668646e-17
7273.736439704902	8.842126e-17
7275.474475383766	9.2731016e-17
7277.212511062629	9.823163e-17
7278.950546741493	1.01828197e-16
7280.688582420356	9.968983e-17
7282.42661809922	9.189432e-17
7284.164653778083	8.638166e-17
7285.902689456947	8.691393e-17
7287.6407251358105	8.8531156e-17
7289.378760814674	8.81239e-17
7291.116796493538	8.6805915e-17
7292.854832172401	8.5124e-17
7294.592867851265	8.2593044e-17
7296.330903530128	7.927736e-17
7298.068939208992	7.610422e-17
7299.806974887855	7.408513e-17
7301.545010566719	7.378397e-17
7303.283046245582	7.625684e-17
7305.021081924446	8.6220734e-17
7306.759117603309	1.0364489e-16
7308.497153282173	1.1156244e-16
7310.235188961036	9.988995e-17
7311.9732246399	8.5760484e-17
7313.711260318763	8.3622044e-17
7315.449295997627	9.159253e-17
7317.18733167649	1.04753656e-16
7318.925367355354	1.0776172e-16
7320.6634030342175	9.045783e-17
7322.401438713081	7.514119e-17
7324.1394743919445	8.098256e-17
7325.877510070808	9.0729094e-17
7327.615545749672	8.7528924e-17
7329.353581428535	8.049219e-17
7331.091617107399	7.984608e-17
7332.829652786262	8.643301e-17
7334.567688465126	9.900303e-17
7336.305724143989	1.0771951e-16
7338.043759822853	1.0315087e-16
7339.781795501716	9.387864e-17
7341.51983118058	9.0473336e-17
7343.257866859443	8.6219206e-17
7344.995902538307	7.295948e-17
7346.73393821717	5.736005e-17
7348.471973896034	4.8250894e-17
7350.210009574897	5.1777834e-17
7351.948045253761	7.1775573e-17
7353.6860809326245	9.4443426e-17
7355.424116611488	1.02538864e-16
7357.1621522903515	9.489688e-17
7358.900187969215	7.595534e-17
7360.638223648079	5.893148e-17
7362.376259326942	5.917617e-17
7364.114295005806	7.3156105e-17
7365.852330684669	8.9963005e-17
7367.590366363533	1.03939135e-16
7369.328402042396	1.1157331e-16
7371.06643772126	1.0794562e-16
7372.804473400123	8.876736e-17
7374.542509078987	6.347528e-17
7376.28054475785	4.7209282e-17
7378.018580436714	4.3509472e-17
7379.756616115577	5.023103e-17
7381.494651794441	5.9969436e-17
7383.232687473304	6.209948e-17
7384.970723152168	5.86575e-17
7386.708758831031	5.866503e-17
7388.446794509895	6.5930815e-17
7390.1848301887585	8.1714135e-17
7391.922865867622	9.801379e-17
7393.660901546486	1.0043366e-16
7395.398937225351	8.875455e-17
7397.136972904214	7.305972e-17
7398.875008583078	5.957e-17
7400.6130442619415	5.1788488e-17
7402.351079940805	5.060733e-17
7404.0891156196685	5.403876e-17
7405.827151298532	5.9770046e-17
7407.565186977396	6.547263e-17
7409.303222656259	6.930336e-17
7411.041258335123	6.997767e-17
7412.779294013986	6.872404e-17
7414.51732969285	6.964681e-17
7416.255365371713	7.3144266e-17
7417.993401050577	7.504725e-17
7419.73143672944	7.474793e-17
7421.469472408304	7.5949335e-17
7423.207508087167	7.9774734e-17
7424.945543766031	8.448688e-17
7426.683579444894	8.777038e-17
7428.421615123758	8.570806e-17
7430.159650802621	7.93755e-17
7431.897686481485	7.799095e-17
7433.635722160348	8.514608e-17
7435.373757839212	9.5127875e-17
7437.1117935180755	1.0285097e-16
7438.849829196939	1.0430765e-16
7440.587864875803	9.8064876e-17
7442.325900554666	8.806309e-17
7444.06393623353	7.7903334e-17
7445.801971912393	6.9573824e-17
7447.540007591257	6.4267374e-17
7449.27804327012	6.097003e-17
7451.016078948984	5.8991974e-17
7452.754114627847	5.9217496e-17
7454.492150306711	6.198109e-17
7456.230185985574	6.7054046e-17
7457.968221664438	7.3001104e-17
7459.706257343301	7.4194825e-17
7461.444293022165	6.811448e-17
7463.182328701028	6.165485e-17
7464.920364379892	6.144681e-17
7466.658400058755	7.235448e-17
7468.396435737619	9.5118055e-17
7470.1344714164825	1.1720134e-16
7471.872507095346	1.2703251e-16
7473.6105427742095	1.2084463e-16
7475.348578453073	9.9355224e-17
7477.086614131937	7.79141e-17
7478.8246498108	7.034072e-17
7480.562685489664	7.338045e-17
7482.300721168527	8.112181e-17
7484.038756847391	8.503879e-17
7485.776792526254	7.859984e-17
7487.514828205118	7.336169e-17
7489.252863883981	8.112811e-17
7490.990899562845	9.84769e-17
7492.728935241708	1.1878532e-16
7494.466970920572	1.2965304e-16
7496.205006599435	1.2018883e-16
7497.943042278299	9.809669e-17
7499.681077957162	7.5169456e-17
7501.419113636026	6.203925e-17
7503.1571493148895	6.72257e-17
7504.895184993753	8.0221954e-17
7506.6332206726165	8.632517e-17
7508.37125635148	8.396691e-17
7510.109292030344	7.559302e-17
7511.847327709207	6.775826e-17
7513.585363388071	6.786684e-17
7515.323399066934	7.828401e-17
7517.061434745798	9.901963e-17
7518.799470424661	1.1722438e-16
7520.537506103525	1.1646109e-16
7522.275541782388	1.0258097e-16
7524.013577461252	8.970706e-17
7525.751613140115	8.351597e-17
7527.489648818979	8.675831e-17
7529.227684497842	9.125937e-17
7530.965720176706	8.3403e-17
7532.703755855569	7.0220275e-17
7534.441791534433	6.850649e-17
7536.179827213296	7.705356e-17
7537.91786289216	8.5653414e-17
7539.6558985710235	9.028355e-17
7541.393934249887	8.980159e-17
7543.131969928751	8.545404e-17
7544.870005607614	8.083757e-17
7546.608041286478	7.5308594e-17
7548.346076965341	6.527297e-17
7550.084112644205	5.3885824e-17
7551.822148323068	4.859441e-17
7553.560184001932	5.2473668e-17
7555.298219680795	6.5210876e-17
7557.036255359659	8.2546405e-17
7558.774291038522	9.7343e-17
7560.512326717386	1.0311391e-16
7562.250362396249	9.3925644e-17
7563.988398075113	7.4561716e-17
7565.726433753976	5.996856e-17
7567.46446943284	5.7634133e-17
7569.202505111703	6.7841344e-17
7570.940540790567	8.260974e-17
7572.6785764694305	8.343387e-17
7574.416612148294	6.76504e-17
7576.1546478271575	5.267935e-17
7577.892683506021	4.8396538e-17
7579.630719184885	5.534694e-17
7581.368754863748	6.980526e-17
7583.106790542612	8.0073585e-17
7584.844826221475	8.258741e-17
7586.582861900339	8.86374e-17
7588.320897579202	9.995125e-17
7590.058933258066	1.0162967e-16
7591.796968936929	8.842852e-17
7593.535004615793	7.092807e-17
7595.273040294656	5.8967e-17
7597.01107597352	6.330145e-17
7598.749111652383	8.2444946e-17
7600.487147331247	8.640503e-17
7602.22518301011	6.1712855e-17
7603.963218688974	3.4793553e-17
7605.7012543678375	2.5246532e-17
7607.439290046701	3.470126e-17
7609.1773257255645	5.843604e-17
7610.915361404428	7.350359e-17
7612.653397083292	6.6106144e-17
7614.391432762155	5.504965e-17
7616.129468441019	5.465844e-17
7617.867504119882	5.8205226e-17
7619.605539798746	5.985579e-17
7621.343575477609	5.92997e-17
7623.081611156473	5.660919e-17
7624.819646835336	5.3496718e-17
7626.5576825142	5.19494e-17
7628.295718193063	5.4489927e-17
7630.033753871927	6.211578e-17
7631.77178955079	6.888203e-17
7633.509825229654	6.957515e-17
7635.247860908517	6.680618e-17
7636.985896587381	6.382328e-17
7638.723932266244	6.103124e-17
7640.461967945108	5.8716006e-17
7642.2000036239715	5.801344e-17
7643.938039302835	5.962869e-17
7645.676074981699	6.203012e-17
7647.414110660562	6.3490546e-17
7649.152146339426	6.3104365e-17
7650.890182018289	6.0361434e-17
7652.628217697153	5.949454e-17
7654.366253376016	6.4778565e-17
7656.10428905488	6.722928e-17
7657.842324733743	5.675463e-17
7659.580360412607	4.244702e-17
7661.31839609147	3.691615e-17
7663.056431770334	4.188345e-17
7664.794467449197	5.57201e-17
7666.532503128061	6.9141784e-17
7668.270538806924	7.105424e-17
7670.008574485788	6.55984e-17
7671.746610164651	6.193157e-17
7673.484645843515	6.0338385e-17
7675.2226815223785	5.8259515e-17
7676.960717201242	5.817346e-17
7678.6987528801055	6.387085e-17
7680.436788558969	7.1401304e-17
7682.174824237833	7.376888e-17
7683.912859916696	7.209554e-17
7685.65089559556	7.139185e-17
7687.388931274423	6.9688974e-17
7689.126966953287	6.185218e-17
7690.86500263215	5.32123e-17
7692.603038311014	5.3872956e-17
7694.341073989877	6.406806e-17
7696.079109668741	7.852423e-17
7697.817145347604	9.0141e-17
7699.555181026468	9.1297334e-17
7701.293216705331	7.871145e-17
7703.031252384195	5.1606353e-17
7704.769288063058	2.3119387e-17
7706.507323741922	1.6772955e-17
7708.2453594207855	3.0623758e-17
7709.983395099649	4.2794487e-17
7711.7214307785125	4.6099864e-17
7713.459466457376	4.4371576e-17
7715.19750213624	4.3847233e-17
7716.935537815103	5.5161595e-17
7718.673573493967	7.35301e-17
7720.41160917283	7.77309e-17
7722.149644851694	6.6631403e-17
7723.887680530557	6.029393e-17
7725.625716209421	6.613854e-17
7727.363751888284	7.7963235e-17
7729.101787567148	9.029401e-17
7730.839823246011	9.754687e-17
7732.577858924875	9.677351e-17
7734.315894603738	8.9676086e-17
7736.053930282602	7.783792e-17
7737.791965961465	6.200305e-17
7739.530001640329	4.5602983e-17
7741.268037319192	3.5447866e-17
7743.006072998056	3.548941e-17
7744.7441086769195	4.550604e-17
7746.482144355783	6.178527e-17
7748.220180034647	7.5145176e-17
7749.95821571351	7.916635e-17
7751.696251392374	7.271013e-17
7753.434287071237	5.891946e-17
7755.172322750101	4.9787184e-17
7756.910358428964	5.1771047e-17
7758.648394107828	5.683285e-17
7760.386429786691	5.961211e-17
7762.124465465555	6.317344e-17
7763.862501144418	6.9033066e-17
7765.600536823282	7.548178e-17
7767.338572502145	8.025151e-17
7769.076608181009	7.864592e-17
7770.814643859872	6.856475e-17
7772.552679538736	5.5460376e-17
7774.290715217599	4.5099e-17
7776.028750896463	4.1945555e-17
7777.7667865753265	4.8632582e-17
7779.50482225419	6.2354833e-17
7781.2428579330535	7.910411e-17
7782.980893611917	9.467528e-17
7784.718929290781	1.0524633e-16
7786.456964969644	1.089099e-16
7788.195000648508	1.0526143e-16
7789.933036327371	9.664344e-17
7791.671072006235	8.64826e-17
7793.409107685098	8.045109e-17
7795.147143363962	8.296397e-17
7796.885179042825	9.259802e-17
7798.623214721689	1.05866664e-16
7800.361250400552	1.1291162e-16
7802.099286079416	1.050894e-16
7803.837321758279	8.985516e-17
7805.575357437143	7.7284775e-17
7807.313393116006	6.9467395e-17
7809.05142879487	6.6669957e-17
7810.7894644737335	6.867011e-17
7812.527500152597	7.405292e-17
7814.2655358314605	7.987362e-17
7816.003571510324	8.2972105e-17
7817.741607189188	7.6573565e-17
7819.479642868051	5.480357e-17
7821.217678546915	2.6087654e-17
7822.955714225778	2.7533373e-18
7824.693749904642	-5.836685e-18
7826.431785583505	7.17867e-18
7828.169821262369	3.2306945e-17
7829.907856941232	5.441064e-17
7831.645892620096	6.480471e-17
7833.383928298959	5.779252e-17
7835.121963977823	4.5570832e-17
7836.859999656686	4.7943908e-17
7838.59803533555	6.093947e-17
7840.336071014413	6.988828e-17
7842.074106693277	7.3384665e-17
7843.81214237214	7.585315e-17
7845.550178051004	7.707725e-17
7847.2882137298675	7.513835e-17
7849.026249408731	7.05513e-17
7850.7642850875945	6.525616e-17
7852.502320766458	5.954902e-17
7854.240356445322	5.2534026e-17
7855.978392124185	4.811087e-17
7857.716427803049	5.265386e-17
7859.454463481912	6.6723723e-17
7861.192499160776	8.761215e-17
7862.930534839639	1.0468454e-16
7864.668570518503	1.00666445e-16
7866.406606197366	7.950322e-17
7868.14464187623	6.318139e-17
7869.882677555093	5.916295e-17
7871.620713233957	6.201035e-17
7873.35874891282	6.719594e-17
7875.096784591684	7.037152e-17
7876.834820270547	6.854623e-17
7878.572855949411	6.052383e-17
7880.3108916282745	5.018512e-17
7882.048927307138	4.75269e-17
7883.7869629860015	5.4588345e-17
7885.524998664865	6.314039e-17
7887.263034343729	6.941912e-17
7889.001070022592	7.5328744e-17
7890.739105701456	8.204773e-17
7892.477141380319	9.1173104e-17
7894.215177059183	9.9939055e-17
7895.953212738046	9.716037e-17
7897.69124841691	8.194646e-17
7899.429284095773	7.2317006e-17
7901.167319774637	7.337739e-17
7902.9053554535	6.48918e-17
7904.643391132364	4.0340722e-17
7906.381426811227	2.0204422e-17
7908.119462490091	1.6821219e-17
7909.857498168954	2.6058874e-17
7911.595533847818	4.1902846e-17
7913.3335695266815	5.339592e-17
7915.071605205545	5.5047245e-17
7916.8096408844085	5.822384e-17
7918.547676563272	6.910582e-17
7920.285712242136	7.594848e-17
7922.023747920999	7.275714e-17
7923.761783599863	7.340691e-17
7925.499819278726	8.5554205e-17
7927.23785495759	9.341401e-17
7928.975890636453	8.633658e-17
7930.713926315317	7.476237e-17
7932.45196199418	6.8785964e-17
7934.189997673044	7.4370446e-17
7935.928033351907	9.2914836e-17
7937.666069030771	1.0600708e-16
7939.404104709634	9.919501e-17
7941.142140388498	8.733265e-17
7942.880176067361	8.4782764e-17
7944.618211746225	8.577637e-17
7946.356247425088	8.391893e-17
7948.094283103952	8.0438735e-17
7949.8323187828155	7.7018654e-17
7951.570354461679	7.6320316e-17
7953.3083901405425	8.03508e-17
7955.046425819406	8.194364e-17
7956.78446149827	7.442696e-17
7958.522497177133	6.786032e-17
7960.260532855997	7.3461884e-17
7961.99856853486	8.629482e-17
7963.736604213724	9.842022e-17
7965.474639892587	1.0964098e-16
7967.212675571451	1.2058234e-16
7968.950711250314	1.2490374e-16
7970.688746929178	1.162402e-16
7972.426782608041	9.495705e-17
7974.164818286905	6.4254364e-17
7975.902853965768	3.656338e-17
7977.640889644632	2.572276e-17
7979.378925323495	3.1039023e-17
7981.116961002359	4.6412495e-17
7982.8549966812225	6.109609e-17
7984.593032360086	6.327119e-17
7986.3310680389495	5.673808e-17
7988.069103717813	5.1019077e-17
7989.807139396677	5.433012e-17
7991.54517507554	7.4423445e-17
7993.283210754404	9.694893e-17
7995.021246433267	9.809227e-17
7996.759282112131	8.1480586e-17
7998.497317790994	6.364003e-17
8000.235353469858	5.4946323e-17
8001.973389148721	6.294659e-17
8003.711424827585	8.098215e-17
8005.449460506448	9.4091715e-17
8007.187496185312	9.548591e-17
8008.925531864175	8.283903e-17
8010.663567543039	6.6670665e-17
8012.401603221902	6.694945e-17
8014.139638900766	8.069547e-17
8015.8776745796295	8.857528e-17
8017.615710258493	8.481554e-17
8019.3537459373565	7.277101e-17
8021.09178161622	6.177496e-17
8022.829817295084	6.745319e-17
8024.567852973947	8.755845e-17
8026.305888652811	1.0333117e-16
8028.043924331674	1.0637878e-16
8029.781960010538	9.811023e-17
8031.519995689401	8.308261e-17
8033.258031368265	6.970959e-17
8034.996067047128	6.331415e-17
8036.734102725992	6.5785495e-17
8038.472138404855	7.203187e-17
8040.210174083719	6.769233e-17
8041.948209762582	5.0855567e-17
8043.686245441446	3.5699702e-17
8045.424281120309	3.3778473e-17
8047.162316799173	5.4294762e-17
8048.900352478036	9.2612776e-17
8050.6383881569	1.2243602e-16
8052.3764238357635	1.2763528e-16
8054.114459514627	1.0888982e-16
8055.8524951934905	7.533959e-17
8057.590530872354	5.1754984e-17
8059.328566551218	5.0942825e-17
8061.066602230081	6.053641e-17
8062.804637908945	6.869711e-17
8064.542673587808	6.4874995e-17
8066.280709266672	4.714369e-17
8068.018744945535	3.597535e-17
8069.756780624399	4.3503615e-17
8071.494816303262	5.886045e-17
8073.232851982128	7.1819434e-17
8074.970887660991	7.5269604e-17
8076.708923339855	6.63095e-17
8078.446959018718	5.5063038e-17
8080.184994697582	5.0277497e-17
8081.923030376445	5.2922092e-17
8083.661066055309	6.1769553e-17
8085.399101734172	6.949575e-17
8087.137137413036	7.038321e-17
8088.875173091899	6.708477e-17
8090.613208770763	6.350863e-17
8092.351244449626	6.6767207e-17
8094.08928012849	8.0920876e-17
8095.827315807353	9.4881236e-17
8097.565351486217	9.807166e-17
8099.3033871650805	8.9602745e-17
8101.041422843944	7.171537e-17
8102.7794585228075	5.649097e-17
8104.517494201671	5.4905715e-17
8106.255529880535	6.167414e-17
8107.993565559398	6.918303e-17
8109.731601238262	7.2947675e-17
8111.469636917125	6.980132e-17
8113.207672595989	6.6108897e-17
8114.945708274852	6.901495e-17
8116.683743953716	7.409917e-17
8118.421779632579	7.515806e-17
8120.159815311443	7.1922395e-17
8121.897850990306	6.555053e-17
8123.63588666917	5.567327e-17
8125.373922348033	4.2187234e-17
8127.111958026897	3.1641905e-17
8128.84999370576	3.144394e-17
8130.588029384624	3.6673555e-17
8132.3260650634875	3.9087123e-17
8134.064100742351	3.915292e-17
8135.8021364212145	3.9639243e-17
8137.540172100078	4.285557e-17
8139.278207778942	5.1152594e-17
8141.016243457805	5.740726e-17
8142.754279136669	5.1633127e-17
8144.492314815532	3.7770807e-17
8146.230350494396	2.5096254e-17
8147.968386173259	2.1606646e-17
8149.706421852123	3.4498686e-17
8151.444457530986	5.5896465e-17
8153.18249320985	7.047588e-17
8154.920528888713	7.469963e-17
8156.658564567577	7.1171804e-17
8158.39660024644	6.511844e-17
8160.134635925304	6.4000506e-17
8161.872671604167	6.6695864e-17
8163.610707283031	6.646605e-17
8165.3487429618945	6.322268e-17
8167.086778640758	6.0853236e-17
8168.8248143196215	6.135644e-17
8170.562849998485	6.589122e-17
8172.300885677349	7.162926e-17
8174.038921356212	7.24842e-17
8175.776957035076	6.7971575e-17
8177.514992713939	6.219507e-17
8179.253028392803	5.8431595e-17
8180.991064071666	5.924779e-17
8182.72909975053	6.4333655e-17
8184.467135429393	7.079366e-17
8186.205171108257	7.397419e-17
8187.94320678712	6.718797e-17
8189.681242465984	5.198226e-17
8191.419278144847	3.9101718e-17
8193.15731382371	3.5465468e-17
8194.895349502574	4.373856e-17
8196.633385181438	5.999551e-17
8198.371420860301	7.085637e-17
8200.109456539165	7.0853704e-17
8201.847492218028	6.668153e-17
8203.585527896892	6.248136e-17
8205.323563575756	5.853242e-17
8207.061599254619	5.516013e-17
8208.799634933483	5.1736044e-17
8210.537670612346	4.8399214e-17
8212.27570629121	4.6878688e-17
8214.013741970073	4.8476602e-17
8215.751777648937	5.4255663e-17
8217.4898133278	6.2973955e-17
8219.227849006664	6.891379e-17
8220.965884685527	6.8011776e-17
8222.70392036439	5.9091394e-17
8224.441956043254	4.4975646e-17
8226.179991722118	3.903007e-17
8227.918027400981	4.7575842e-17
8229.656063079845	5.644686e-17
8231.394098758708	5.5004728e-17
8233.132134437572	4.5000793e-17
8234.870170116435	3.0747322e-17
8236.608205795299	2.3283917e-17
8238.346241474163	3.0357896e-17
8240.084277153026	4.6464628e-17
8241.82231283189	6.468225e-17
8243.560348510753	7.789114e-17
8245.298384189617	8.1098686e-17
8247.03641986848	7.959598e-17
8248.774455547344	7.8726835e-17
8250.512491226207	7.586368e-17
8252.25052690507	6.9198515e-17
8253.988562583934	6.496022e-17
8255.726598262798	6.8094064e-17
8257.464633941661	7.429522e-17
8259.202669620525	7.818227e-17
8260.940705299388	7.307971e-17
8262.678740978252	5.4928518e-17
8264.416776657115	3.6095376e-17
8266.154812335979	3.017999e-17
8267.892848014842	4.1041225e-17
8269.630883693706	6.811264e-17
8271.36891937257	9.9144723e-17
8273.106955051433	1.1974706e-16
8274.844990730297	1.1736127e-16
8276.58302640916	8.3679245e-17
8278.321062088024	3.623257e-17
8280.059097766887	-1.1638672e-18
8281.79713344575	-2.0687038e-17
8283.535169124614	-2.0413977e-17
8285.273204803478	-8.827081e-19
8287.011240482341	3.4193747e-17
8288.749276161205	7.045177e-17
8290.487311840068	9.180666e-17
8292.225347518932	9.167931e-17
8293.963383197795	6.802295e-17
8295.701418876659	4.3738892e-17
8297.439454555522	5.026017e-17
8299.177490234386	7.570391e-17
8300.91552591325	9.067845e-17
8302.653561592113	8.8306666e-17
8304.391597270976	7.100036e-17
8306.12963294984	4.9681004e-17
8307.867668628704	4.0885007e-17
8309.605704307567	4.0732213e-17
8311.34373998643	3.3804122e-17
8313.081775665294	2.4442982e-17
8314.819811344158	2.7643871e-17
8316.557847023021	4.0702557e-17
8318.295882701885	5.0737363e-17
8320.033918380748	5.424512e-17
8321.771954059612	5.332882e-17
8323.509989738475	5.0474356e-17
8325.248025417339	4.9352295e-17
8326.986061096202	4.8966574e-17
8328.724096775066	4.4227094e-17
8330.46213245393	3.6741338e-17
8332.200168132793	3.3559105e-17
8333.938203811656	3.6719844e-17
8335.67623949052	4.4168153e-17
8337.414275169383	5.3152568e-17
8339.152310848247	5.875211e-17
8340.89034652711	6.373517e-17
8342.628382205974	8.177867e-17
8344.366417884838	1.0344465e-16
8346.104453563701	9.084033e-17
8347.842489242565	4.4023042e-17
8349.580524921428	9.8942125e-18
8351.318560600292	9.054861e-18
8353.056596279155	2.8105268e-17
8354.794631958019	5.3858918e-17
8356.532667636882	7.16557e-17
8358.270703315746	7.3575466e-17
8360.00873899461	6.462242e-17
8361.746774673473	5.089342e-17
8363.484810352336	3.944832e-17
8365.2228460312	3.439147e-17
8366.960881710063	3.3417994e-17
8368.698917388927	3.3503253e-17
8370.43695306779	3.002558e-17
8372.174988746654	2.2649171e-17
8373.913024425518	2.1631082e-17
8375.651060104381	3.136778e-17
8377.389095783245	4.2278707e-17
8379.127131462108	4.7182098e-17
8380.865167140972	4.4813876e-17
8382.603202819835	3.6941512e-17
8384.341238498699	3.4754678e-17
8386.079274177562	4.3788755e-17
8387.817309856426	4.892296e-17
8389.55534553529	4.1394795e-17
8391.293381214153	3.771685e-17
8393.031416893016	4.9231514e-17
8394.76945257188	6.487783e-17
8396.507488250743	7.4870016e-17
8398.245523929607	7.778166e-17
8399.98355960847	7.500542e-17
8401.721595287334	8.119221e-17
8403.459630966197	1.0587809e-16
8405.197666645061	1.2657621e-16
8406.935702323924	1.2376702e-16
8408.673738002788	1.1142426e-16
8410.411773681652	1.04566164e-16
8412.149809360515	9.949942e-17
8413.887845039379	9.179654e-17
8415.625880718242	8.5459616e-17
8417.363916397106	8.424701e-17
8419.10195207597	8.417059e-17
8420.839987754833	8.0846085e-17
8422.578023433696	8.077608e-17
8424.31605911256	9.0242844e-17
8426.054094791423	9.7832405e-17
8427.792130470287	9.09583e-17
8429.53016614915	6.836072e-17
8431.268201828014	3.2910962e-17
8433.006237506877	9.716392e-18
8434.74427318574	2.5388605e-17
8436.482308864604	6.079605e-17
8438.220344543468	8.5511755e-17
8439.958380222331	8.9543234e-17
8441.696415901195	6.9833294e-17
8443.434451580059	4.3169868e-17
8445.172487258922	3.2737813e-17
8446.910522937786	3.5072508e-17
8448.64855861665	3.7574726e-17
8450.386594295513	3.4769988e-17
8452.124629974376	2.3273228e-17
8453.86266565324	1.1650806e-17
8455.600701332103	1.3759805e-17
8457.338737010967	2.5198363e-17
8459.07677268983	3.3495382e-17
8460.814808368694	3.986338e-17
8462.552844047557	5.087745e-17
8464.29087972642	7.016911e-17
8466.028915405284	1.0067438e-16
8467.766951084148	1.2940713e-16
8469.504986763011	1.3471879e-16
8471.243022441875	1.1815031e-16
8472.981058120738	9.4847646e-17
8474.719093799602	7.86067e-17
8476.457129478466	8.3592557e-17
8478.195165157329	1.0051439e-16
8479.933200836193	1.0185355e-16
8481.671236515056	8.662249e-17
8483.40927219392	7.448594e-17
8485.147307872783	7.049836e-17
8486.885343551647	6.901816e-17
8488.62337923051	6.575674e-17
8490.361414909374	5.571145e-17
8492.099450588237	4.394833e-17
8493.8374862671	4.5884238e-17
8495.575521945964	6.334021e-17
8497.313557624828	8.527481e-17
8499.051593303691	9.8080016e-17
8500.789628982555	8.286117e-17
8502.527664661418	4.6806902e-17
8504.265700340282	3.087214e-17
8506.003736019145	4.868444e-17
8507.741771698009	7.751608e-17
8509.479807376872	9.979483e-17
8511.217843055736	1.03806045e-16
8512.9558787346	8.80492e-17
8514.693914413463	6.921765e-17
8516.431950092327	5.822904e-17
8518.16998577119	5.480971e-17
8519.908021450054	5.727743e-17
8521.646057128917	6.0260644e-17
8523.38409280778	6.108965e-17
8525.122128486644	6.48201e-17
8526.860164165508	7.210158e-17
8528.598199844371	7.3187544e-17
8530.336235523235	6.44161e-17
8532.074271202098	5.6690995e-17
8533.812306880962	5.627384e-17
8535.550342559825	5.633846e-17
8537.288378238689	5.2795762e-17
8539.026413917552	4.931515e-17
8540.764449596416	4.928598e-17
8542.50248527528	5.622793e-17
8544.240520954143	7.070123e-17
8545.978556633007	8.278867e-17
8547.71659231187	8.5830365e-17
8549.454627990734	8.8590455e-17
8551.192663669597	9.718725e-17
8552.93069934846	1.0313193e-16
8554.668735027324	9.938269e-17
8556.406770706188	8.705647e-17
8558.144806385051	6.940285e-17
8559.882842063915	5.629171e-17
8561.620877742778	5.5618235e-17
8563.358913421642	6.106448e-17
8565.096949100505	6.532287e-17
8566.834984779369	6.880793e-17
8568.573020458232	7.2270916e-17
8570.311056137096	7.187153e-17
8572.04909181596	6.4754934e-17
8573.787127494823	5.830185e-17
8575.525163173686	5.990627e-17
8577.26319885255	6.303943e-17
8579.001234531414	5.974715e-17
8580.739270210277	5.2402507e-17
8582.47730588914	4.5235603e-17
8584.215341568004	3.8317613e-17
8585.953377246868	3.1321617e-17
8587.691412925731	2.8549252e-17
8589.429448604595	3.4286064e-17
8591.167484283458	4.6070026e-17
8592.905519962322	5.9428546e-17
8594.643555641185	6.770171e-17
8596.381591320049	6.452453e-17
8598.119626998912	5.3298337e-17
8599.857662677776	4.0762286e-17
8601.59569835664	3.3272017e-17
8603.333734035503	3.657665e-17
8605.071769714366	4.5719156e-17
8606.80980539323	5.1614313e-17
8608.547841072093	5.233329e-17
8610.285876750957	4.9157517e-17
8612.02391242982	4.5333332e-17
8613.761948108684	4.461175e-17
8615.499983787548	5.209172e-17
8617.238019466411	7.3869485e-17
8618.976055145275	9.669652e-17
8620.714090824138	9.680293e-17
8622.452126503002	8.3386e-17
8624.190162181865	8.418353e-17
8625.928197860729	9.9897345e-17
8627.666233539592	1.1614737e-16
8629.404269218456	1.2308778e-16
8631.14230489732	1.1173153e-16
8632.880340576183	9.442548e-17
8634.618376255046	9.999239e-17
8636.35641193391	1.2580819e-16
8638.094447612773	1.4483966e-16
8639.832483291637	1.4671699e-16
8641.5705189705	1.3499686e-16
8643.308554649364	1.1175634e-16
8645.046590328227	7.804958e-17
8646.784626007091	4.59943e-17
8648.522661685955	3.7635854e-17
8650.260697364818	5.599907e-17
8651.998733043682	8.481424e-17
8653.736768722545	1.085789e-16
8655.474804401409	1.1111509e-16
8657.212840080272	9.584e-17
8658.950875759136	9.278474e-17
8660.688911438	1.0976796e-16
8662.426947116863	1.2438143e-16
8664.164982795726	1.239671e-16
8665.90301847459	1.0838387e-16
8667.641054153453	8.23172e-17
8669.379089832317	5.9283955e-17
8671.11712551118	4.8058333e-17
8672.855161190044	4.8000087e-17
8674.593196868907	5.685532e-17
8676.331232547771	7.037799e-17
8678.069268226634	8.310767e-17
8679.807303905498	8.808828e-17
8681.545339584361	8.323698e-17
8683.283375263225	7.716044e-17
8685.021410942089	7.484228e-17
8686.759446620952	7.137036e-17
8688.497482299816	6.368689e-17
8690.23551797868	5.285007e-17
8691.973553657543	4.128589e-17
8693.711589336406	3.554906e-17
8695.44962501527	3.950751e-17
8697.187660694133	4.886426e-17
8698.925696372997	5.908402e-17
8700.66373205186	6.749405e-17
8702.401767730724	7.19204e-17
8704.139803409587	7.155989e-17
8705.87783908845	6.697125e-17
8707.615874767314	6.2003354e-17
8709.353910446178	6.001349e-17
8711.091946125041	6.0366443e-17
8712.829981803905	6.209675e-17
8714.568017482768	6.51929e-17
8716.306053161632	6.9418744e-17
8718.044088840496	7.470429e-17
8719.782124519359	8.051221e-17
8721.520160198223	8.407994e-17
8723.258195877086	8.2959505e-17
8724.99623155595	7.5308204e-17
8726.734267234813	6.0963046e-17
8728.472302913677	4.9845785e-17
8730.21033859254	5.143202e-17
8731.948374271404	6.1152913e-17
8733.686409950267	7.180797e-17
8735.42444562913	7.571577e-17
8737.162481307994	6.6588794e-17
8738.900516986858	5.6101904e-17
8740.638552665721	5.8398025e-17
8742.376588344585	6.746783e-17
8744.114624023448	7.315808e-17
8745.852659702312	6.9708634e-17
8747.590695381175	5.2840026e-17
8749.328731060039	3.80606e-17
8751.066766738904	4.5991513e-17
8752.804802417768	5.675494e-17
8754.542838096631	3.900877e-17
8756.280873775495	1.5635605e-17
8758.018909454358	2.6049694e-17
8759.756945133222	5.6818904e-17
8761.494980812085	7.608222e-17
8763.233016490949	7.945358e-17
8764.971052169813	7.2931886e-17
8766.709087848676	6.520401e-17
8768.44712352754	6.670777e-17
8770.185159206403	7.750769e-17
8771.923194885267	9.287671e-17
8773.66123056413	1.00953575e-16
8775.399266242994	8.565074e-17
8777.137301921857	5.913366e-17
8778.87533760072	4.962956e-17
8780.613373279584	5.82513e-17
8782.351408958448	7.0628175e-17
8784.089444637311	7.4675444e-17
8785.827480316175	5.775427e-17
8787.565515995038	3.212588e-17
8789.303551673902	2.9545174e-17
8791.041587352765	4.7935533e-17
8792.779623031629	5.8901037e-17
8794.517658710492	5.5946314e-17
8796.255694389356	4.941654e-17
8797.99373006822	4.7026697e-17
8799.731765747083	5.59421e-17
8801.469801425947	7.3348275e-17
8803.20783710481	8.546108e-17
8804.945872783674	8.781858e-17
8806.683908462537	8.6565424e-17
8808.4219441414	8.281908e-17
8810.159979820264	7.174253e-17
8811.898015499128	5.685938e-17
8813.636051177991	5.1542445e-17
8815.374086856855	5.9771985e-17
8817.112122535718	7.3276655e-17
8818.850158214582	8.548978e-17
8820.588193893445	9.278363e-17
8822.326229572309	9.225131e-17
8824.064265251172	8.185101e-17
8825.802300930036	6.6806336e-17
8827.5403366089	6.301282e-17
8829.278372287763	8.096704e-17
8831.016407966627	1.236384e-16
8832.75444364549	1.806802e-16
8834.492479324354	2.151134e-16
8836.230515003217	2.089404e-16
8837.96855068208	1.8693975e-16
8839.706586360944	1.6751126e-16
8841.444622039808	1.5107697e-16
8843.182657718671	1.363736e-16
8844.920693397535	1.1448987e-16
8846.658729076398	8.250462e-17
8848.396764755262	5.804802e-17
8850.134800434125	5.1728236e-17
8851.872836112989	4.98766e-17
8853.610871791852	4.3344248e-17
8855.348907470716	4.303032e-17
8857.08694314958	5.565559e-17
8858.824978828443	7.113959e-17
8860.563014507306	8.088475e-17
8862.30105018617	8.4403816e-17
8864.039085865033	8.3149347e-17
8865.777121543897	8.5847266e-17
8867.51515722276	9.825674e-17
8869.253192901624	1.0824434e-16
8870.991228580488	1.0454108e-16
8872.729264259351	8.7350604e-17
8874.467299938215	6.043536e-17
8876.205335617078	3.9047005e-17
8877.943371295942	3.6978845e-17
8879.681406974805	4.4137828e-17
8881.419442653669	4.8883386e-17
8883.157478332532	6.3847775e-17
8884.895514011396	1.00510584e-16
8886.63354969026	1.4367672e-16
8888.371585369123	1.7472248e-16
8890.109621047986	1.7165288e-16
8891.84765672685	1.1819166e-16
8893.585692405713	5.86691e-17
8895.323728084577	4.5789357e-17
8897.06176376344	5.906242e-17
8898.799799442304	6.215684e-17
8900.537835121168	5.5243922e-17
8902.275870800031	4.6169953e-17
8904.013906478895	4.660291e-17
8905.751942157758	6.911566e-17
8907.489977836622	9.189626e-17
8909.228013515485	8.4200104e-17
8910.966049194349	5.5366524e-17
8912.704084873212	2.8009586e-17
8914.442120552076	1.5855803e-17
8916.18015623094	2.9092524e-17
8917.918191909803	5.3673242e-17
8919.656227588666	6.5185194e-17
8921.39426326753	6.113756e-17
8923.132298946393	4.895045e-17
8924.870334625257	3.7239115e-17
8926.60837030412	3.5983634e-17
8928.346405982984	4.329968e-17
8930.084441661847	5.0116832e-17
8931.822477340711	5.543791e-17
8933.560513019575	6.293986e-17
8935.298548698438	6.800741e-17
8937.036584377302	6.158923e-17
8938.774620056165	4.5571782e-17
8940.512655735029	2.8413972e-17
8942.250691413892	1.664779e-17
8943.988727092756	1.6429023e-17
8945.72676277162	2.0552025e-17
8947.464798450483	1.0985805e-17
8949.202834129346	-1.09536076e-17
8950.94086980821	-2.8582928e-17
8952.678905487073	-2.954548e-17
8954.416941165937	-5.1517024e-18
8956.1549768448	3.8868582e-17
8957.893012523664	8.3956245e-17
8959.631048202527	1.0924775e-16
8961.36908388139	8.9943404e-17
8963.107119560254	3.7403896e-17
8964.845155239118	5.3011602e-18
8966.583190917981	1.5089146e-17
8968.321226596845	4.8878595e-17
8970.059262275709	8.56922e-17
8971.797297954572	9.756006e-17
8973.535333633436	7.8972124e-17
8975.2733693123	5.9862194e-17
8977.011404991163	5.777555e-17
8978.749440670026	7.105387e-17
8980.48747634889	9.1803654e-17
8982.225512027753	9.925569e-17
8983.963547706617	8.459565e-17
8985.70158338548	6.323921e-17
8987.439619064344	4.5889257e-17
8989.177654743207	3.1221165e-17
8990.91569042207	2.2801933e-17
8992.653726100934	3.453251e-17
8994.391761779798	7.0319934e-17
8996.129797458661	1.1414211e-16
8997.867833137525	1.4982189e-16
8999.605868816388	1.6403345e-16
9001.343904495252	1.4903126e-16
9003.081940174116	1.08051996e-16
9004.819975852979	5.2599466e-17
9006.558011531843	1.34252985e-17
9008.296047210706	1.0878728e-17
9010.03408288957	2.934488e-17
9011.772118568433	5.156397e-17
9013.510154247297	6.6573256e-17
9015.24818992616	6.72526e-17
9016.986225605024	6.362474e-17
9018.724261283887	6.470982e-17
9020.46229696275	6.3848013e-17
9022.200332641614	5.581687e-17
9023.938368320478	4.546714e-17
9025.676403999341	3.8245566e-17
9027.414439678205	4.17797e-17
9029.152475357068	6.0142985e-17
9030.890511035932	7.658778e-17
9032.628546714795	7.516124e-17
9034.366582393659	6.083344e-17
9036.104618072522	4.247465e-17
9037.842653751386	3.1970835e-17
9039.58068943025	3.9587187e-17
9041.318725109113	5.7332504e-17
9043.056760787977	7.3898046e-17
9044.79479646684	8.841452e-17
9046.532832145704	1.0163252e-16
9048.270867824567	1.0884618e-16
9050.00890350343	1.05717626e-16
9051.746939182294	9.8067364e-17
9053.484974861158	9.3513754e-17
9055.223010540021	9.308539e-17
9056.961046218885	9.5981505e-17
9058.699081897748	9.324995e-17
9060.437117576612	7.442328e-17
9062.175153255475	5.2056756e-17
9063.913188934339	4.5372812e-17
9065.651224613202	4.92424e-17
9067.389260292066	5.0208533e-17
9069.12729597093	5.104545e-17
9070.865331649793	5.977424e-17
9072.603367328657	7.1216115e-17
9074.34140300752	7.55341e-17
9076.079438686384	7.312507e-17
9077.817474365247	6.8840406e-17
9079.55551004411	6.447595e-17
9081.293545722974	6.0509235e-17
9083.031581401838	5.757186e-17
9084.769617080701	5.6222606e-17
9086.507652759565	5.3785884e-17
9088.245688438428	4.6261915e-17
9089.983724117292	3.3661457e-17
9091.721759796155	1.760522e-17
9093.459795475019	7.435997e-18
9095.197831153882	1.8300064e-17
9096.935866832746	4.1706453e-17
9098.67390251161	5.1862524e-17
9100.411938190473	4.59474e-17
9102.149973869336	3.8311896e-17
9103.8880095482	3.6977157e-17
9105.626045227064	4.6147755e-17
9107.364080905927	6.033386e-17
9109.10211658479	6.426557e-17
9110.840152263654	5.4599347e-17
9112.578187942518	3.959385e-17
9114.316223621381	2.6617787e-17
9116.054259300245	2.3113906e-17
9117.792294979108	2.8194603e-17
9119.530330657972	2.9878366e-17
9121.268366336835	2.6400555e-17
9123.006402015699	2.9619587e-17
9124.744437694562	4.106249e-17
9126.482473373426	4.864936e-17
9128.22050905229	4.8135552e-17
9129.958544731153	4.579276e-17
9131.696580410016	4.606791e-17
9133.43461608888	5.1677993e-17
9135.172651767743	6.112452e-17
9136.910687446607	6.462485e-17
9138.64872312547	5.864887e-17
9140.386758804334	5.2003995e-17
9142.124794483198	4.9082145e-17
9143.862830162061	4.5162913e-17
9145.600865840925	3.7938692e-17
9147.338901519788	2.89561e-17
9149.076937198652	2.1716499e-17
9150.814972877515	2.5491832e-17
9152.553008556379	4.3422674e-17
9154.291044235242	6.367424e-17
9156.029079914106	7.6079864e-17
9157.76711559297	7.6749986e-17
9159.505151271833	6.5132685e-17
9161.243186950696	4.8873685e-17
9162.98122262956	3.5473012e-17
9164.719258308423	2.801938e-17
9166.457293987287	2.833112e-17
9168.19532966615	3.5877874e-17
9169.933365345014	4.8431858e-17
9171.671401023877	6.0802844e-17
9173.409436702741	6.8381056e-17
9175.147472381605	7.0012805e-17
9176.885508060468	6.6084386e-17
9178.623543739332	6.0313166e-17
9180.361579418195	5.651426e-17
9182.099615097059	5.7406996e-17
9183.837650775922	6.382745e-17
9185.575686454786	6.678271e-17
9187.31372213365	5.835672e-17
9189.051757812513	4.4858607e-17
9190.789793491376	3.4168856e-17
9192.52782917024	3.2031302e-17
9194.265864849103	4.207498e-17
9196.003900527967	4.9816115e-17
9197.74193620683	4.0130108e-17
9199.479971885694	3.0019387e-17
9201.218007564557	3.9895474e-17
9202.956043243421	5.3860555e-17
9204.694078922284	5.070062e-17
9206.432114601148	3.983908e-17
9208.170150280012	3.6526493e-17
9209.908185958875	4.0201527e-17
9211.646221637739	4.68449e-17
9213.384257316602	4.9416203e-17
9215.122292995466	4.019988e-17
9216.86032867433	3.197088e-17
9218.598364353193	4.312908e-17
9220.336400032056	6.385305e-17
9222.07443571092	7.486517e-17
9223.812471389783	7.846209e-17
9225.550507068647	8.484318e-17
9227.28854274751	8.9544326e-17
9229.026578426374	8.267616e-17
9230.764614105237	7.222325e-17
9232.5026497841	7.417248e-17
9234.240685462964	8.028006e-17
9235.978721141828	7.063491e-17
9237.716756820691	5.4199693e-17
9239.454792499555	5.4119393e-17
9241.192828178418	6.994242e-17
9242.930863857282	8.856333e-17
9244.668899536146	1.0030868e-16
9246.406935215009	9.766749e-17
9248.144970893873	8.047096e-17
9249.883006572736	5.318566e-17
9251.6210422516	3.0681373e-17
9253.359077930463	3.589603e-17
9255.097113609327	6.245819e-17
9256.83514928819	8.016922e-17
9258.573184967054	8.290938e-17
9260.311220645917	8.49011e-17
9262.04925632478	8.8377995e-17
9263.787292003644	8.6300964e-17
9265.525327682508	7.7475404e-17
9267.263363361371	6.415267e-17
9269.001399040235	5.3908165e-17
9270.739434719098	6.181687e-17
9272.477470397962	8.2439004e-17
9274.215506076825	8.5917285e-17
9275.953541755689	6.479343e-17
9277.691577434553	3.8603437e-17
9279.429613113416	2.1546839e-17
9281.16764879228	2.3397532e-17
9282.905684471143	3.8719276e-17
9284.643720150007	3.639676e-17
9286.38175582887	9.442718e-18
9288.119791507734	-8.813514e-18
9289.857827186597	-5.1936524e-18
9291.59586286546	-2.7397264e-19
9293.333898544324	-5.713368e-18
9295.071934223188	-2.0787391e-17
9296.809969902051	-3.5856602e-17
9298.548005580915	-1.968842e-17
9300.286041259778	3.745485e-17
