3635.77709960937	-6.6783414e-19
3641.291410922999	2.6384964e-17
3646.8057222366283	2.1167565e-17
3652.3200335502574	2.0289472e-17
3657.8343448638866	1.7035993e-17
3663.3486561775157	3.0700802e-17
3668.862967491145	-8.370476e-18
3674.377278804774	-1.26581935e-17
3679.891590118403	2.826761e-17
3685.4059014320324	1.2310966e-17
3690.9202127456615	1.3314313e-17
3696.4345240592907	1.8210054e-17
3701.94883537292	3.1715544e-17
3707.463146686549	1.4671797e-17
3712.977458000178	3.2235917e-17
3718.4917693138073	7.048609e-18
3724.0060806274364	1.6616098e-17
3729.5203919410656	4.482122e-18
3735.0347032546947	2.3568543e-18
3740.549014568324	1.6492302e-17
3746.063325881953	1.1245016e-17
3751.577637195582	3.2486767e-17
3757.0919485092113	1.4935864e-17
3762.606259822841	2.6913172e-17
3768.12057113647	-6.785523e-18
3773.634882450099	1.7032827e-17
3779.1491937637284	1.27130555e-17
3784.6635050773575	5.8317317e-18
3790.1778163909867	1.4409116e-17
3795.692127704616	1.4902344e-17
3801.206439018245	2.2829096e-17
3806.720750331874	1.5905428e-17
3812.2350616455033	1.5632476e-17
3817.7493729591324	2.4887573e-17
3823.2636842727616	2.5165274e-17
3828.7779955863907	1.9975307e-17
3834.29230690002	4.774951e-18
3839.806618213649	7.361963e-18
3845.320929527278	1.6553213e-17
3850.8352408409073	1.003613e-17
3856.3495521545365	2.509579e-17
3861.8638634681656	1.761989e-17
3867.3781747817948	1.4124797e-17
3872.892486095424	2.1849585e-17
3878.406797409053	1.3310418e-17
3883.921108722682	1.1284725e-17
3889.4354200363114	2.2477907e-17
3894.9497313499405	2.1053687e-17
3900.4640426635697	2.345211e-17
3905.978353977199	2.8299556e-17
3911.492665290828	1.7364184e-17
3917.006976604457	1.3504189e-17
3922.5212879180863	2.560386e-17
3928.0355992317154	2.636031e-17
3933.5499105453446	2.995647e-17
3939.0642218589737	2.168231e-17
3944.578533172603	1.793862e-17
3950.092844486232	1.84137e-17
3955.607155799861	2.2037977e-17
3961.1214671134903	2.608204e-17
3966.6357784271195	2.3412672e-17
3972.1500897407486	2.2077912e-17
3977.664401054378	1.5971253e-17
3983.178712368007	2.6827904e-17
3988.693023681636	1.9750812e-17
3994.2073349952652	3.030984e-17
3999.7216463088944	3.8206387e-17
4005.2359576225235	2.811884e-17
4010.7502689361527	2.2116551e-17
4016.264580249782	1.9585696e-17
4021.778891563411	9.778878e-18
4027.29320287704	2.8174447e-17
4032.8075141906693	1.1947955e-17
4038.321825504299	2.7006674e-17
4043.836136817928	2.6565825e-17
4049.350448131557	2.3962139e-17
4054.8647594451863	2.2300816e-17
4060.3790707588155	2.6301336e-17
4065.8933820724446	2.158696e-17
4071.407693386074	2.2630965e-17
4076.922004699703	2.6037808e-17
4082.436316013332	2.4303652e-17
4087.9506273269612	2.3813838e-17
4093.4649386405904	2.2807813e-17
4098.979249954219	1.5204488e-17
4104.493561267848	3.1564408e-17
4110.007872581477	1.2192237e-17
4115.5221838951065	2.817837e-17
4121.036495208736	2.0283412e-17
4126.550806522365	2.6255742e-17
4132.065117835994	2.7663295e-17
4137.579429149624	2.64294e-17
4143.093740463253	2.1553179e-17
4148.608051776882	2.5340645e-17
4154.1223630905115	2.053848e-17
4159.636674404141	2.644021e-17
4165.15098571777	1.637729e-17
4170.665297031399	1.2226564e-17
4176.179608345028	2.4769062e-17
4181.693919658657	2.2382741e-17
4187.208230972286	2.6600633e-17
4192.722542285916	1.3009805e-17
4198.236853599545	1.8726558e-17
4203.751164913174	1.7250215e-17
4209.265476226803	5.51945e-18
4214.779787540432	3.1803616e-17
4220.294098854061	2.5689249e-17
4225.80841016769	2.1103498e-17
4231.32272148132	1.597459e-17
4236.837032794949	1.8074173e-17
4242.351344108578	2.0170708e-17
4247.865655422207	1.7150983e-17
4253.379966735836	1.9052289e-17
4258.894278049465	1.1839486e-17
4264.4085893630945	1.7674272e-17
4269.922900676724	1.8919925e-17
4275.437211990353	2.874714e-17
4280.951523303982	2.1029606e-17
4286.465834617611	1.4267537e-17
4291.98014593124	2.4444127e-17
4297.494457244869	1.8417334e-17
4303.008768558499	2.3668663e-17
4308.523079872128	2.1127652e-17
4314.037391185757	1.6162935e-17
4319.551702499386	1.9163877e-17
4325.066013813015	8.25447e-18
4330.580325126644	2.1017341e-17
4336.0946364402735	2.653345e-17
4341.608947753903	8.935032e-18
4347.123259067532	1.8758754e-17
4352.637570381161	2.1385034e-17
4358.15188169479	1.7665519e-17
4363.666193008419	1.4801653e-17
4369.180504322048	3.7229654e-18
4374.6948156356775	2.2658727e-17
4380.209126949307	1.841412e-17
4385.723438262936	1.2907143e-17
4391.237749576565	1.4894623e-17
4396.752060890194	1.5675026e-17
4402.266372203823	1.0356932e-17
4407.780683517452	1.504477e-17
4413.294994831082	1.2312359e-17
4418.809306144711	2.0202197e-17
4424.32361745834	1.1919997e-17
4429.837928771969	1.3416353e-17
4435.352240085598	1.9750236e-17
4440.866551399227	1.799031e-17
4446.3808627128565	1.599601e-17
4451.895174026486	1.6841386e-17
4457.409485340115	2.3443935e-17
4462.923796653744	1.3875712e-17
4468.438107967373	1.0679494e-17
4473.952419281002	1.8695188e-17
4479.466730594631	2.1000956e-17
4484.9810419082605	1.5615276e-17
4490.49535322189	2.3085891e-17
4496.009664535519	1.826985e-17
4501.523975849148	1.2280721e-17
4507.038287162777	1.999393e-17
4512.552598476406	1.7281105e-17
4518.066909790035	2.244327e-17
4523.581221103665	1.552869e-17
4529.095532417294	6.304873e-18
4534.609843730923	1.7652335e-17
4540.124155044552	1.1662477e-17
4545.638466358181	1.2652672e-17
4551.15277767181	1.9878614e-17
4556.6670889854395	1.6024843e-17
4562.181400299069	2.4937429e-17
4567.695711612698	2.4537104e-17
4573.210022926327	1.540911e-17
4578.724334239956	1.759982e-17
4584.238645553585	2.1353115e-17
4589.752956867214	1.7865263e-17
4595.2672681808435	1.4542459e-17
4600.781579494473	9.515949e-18
4606.295890808102	1.2216896e-17
4611.810202121731	1.8834118e-17
4617.32451343536	1.787432e-17
4622.838824748989	1.07263835e-17
4628.353136062618	1.1393212e-17
4633.867447376248	1.6623033e-17
4639.381758689877	1.0789815e-17
4644.896070003506	1.5522582e-17
4650.410381317135	1.2717411e-17
4655.924692630764	2.1028873e-17
4661.439003944393	2.9145563e-17
4666.9533152580225	1.6511903e-17
4672.467626571652	1.3883437e-17
4677.981937885281	1.888345e-17
4683.49624919891	2.0271388e-17
4689.010560512539	2.0684399e-17
4694.524871826168	1.0370013e-17
4700.039183139797	9.37636e-18
4705.5534944534265	1.08545204e-17
4711.067805767056	1.424674e-17
4716.582117080685	1.901104e-17
4722.096428394314	1.543241e-17
4727.610739707944	1.9372194e-17
4733.125051021573	2.3884753e-17
4738.639362335202	1.7198273e-17
4744.1536736488315	1.7937622e-17
4749.667984962461	1.5393108e-17
4755.18229627609	1.6365136e-17
4760.696607589719	2.589065e-17
4766.210918903348	2.2886604e-17
4771.725230216977	2.5422892e-17
4777.239541530606	1.3388175e-17
4782.753852844236	2.6473222e-17
4788.268164157865	1.6352608e-17
4793.782475471494	2.3518121e-17
4799.296786785123	2.7278385e-17
4804.811098098752	1.9688975e-17
4810.325409412381	1.8303978e-17
4815.8397207260105	2.6632653e-17
4821.35403203964	1.7771082e-17
4826.868343353269	2.2546528e-17
4832.382654666898	1.9337911e-17
4837.896965980527	2.1123777e-17
4843.411277294156	1.9032675e-17
4848.925588607785	1.5588834e-17
4854.4398999214145	1.5479863e-17
4859.954211235044	1.9840888e-17
4865.468522548673	2.2729525e-17
4870.982833862302	1.582078e-17
4876.497145175931	1.6469029e-17
4882.01145648956	2.1090331e-17
4887.525767803189	2.0666623e-17
4893.040079116819	2.2650139e-17
4898.554390430448	1.9762122e-17
4904.068701744077	1.8484861e-17
4909.583013057706	1.8235837e-17
4915.097324371335	2.2753697e-17
4920.611635684964	1.717041e-17
4926.1259469985935	1.1851902e-17
4931.640258312223	1.9145835e-17
4937.154569625852	1.4808685e-17
4942.668880939481	2.1352422e-17
4948.18319225311	2.0806456e-17
4953.697503566739	1.6172807e-17
4959.211814880368	2.035371e-17
4964.7261261939975	1.787572e-17
4970.240437507627	1.410352e-17
4975.754748821256	1.636942e-17
4981.269060134885	2.0489967e-17
4986.783371448514	2.0635716e-17
4992.297682762143	1.5630253e-17
4997.811994075772	2.2653297e-17
5003.326305389402	2.5752602e-17
5008.840616703031	2.4068952e-17
5014.35492801666	2.3496954e-17
5019.869239330289	2.0752593e-17
5025.383550643918	3.015888e-17
5030.897861957547	1.8108793e-17
5036.4121732711765	3.3066588e-17
5041.926484584806	2.543406e-17
5047.440795898435	2.3274914e-17
5052.955107212064	2.1774615e-17
5058.469418525693	2.6974378e-17
5063.983729839322	2.1162524e-17
5069.498041152951	2.5660782e-17
5075.0123524665805	2.2352847e-17
5080.52666378021	2.2724921e-17
5086.040975093839	2.6300305e-17
5091.555286407468	2.5609101e-17
5097.069597721097	2.7618111e-17
5102.583909034726	2.1500255e-17
5108.098220348355	2.2596037e-17
5113.6125316619855	2.077425e-17
5119.126842975615	2.2523463e-17
5124.641154289244	2.2907308e-17
5130.155465602873	2.572514e-17
5135.669776916502	2.74607e-17
5141.184088230131	2.6396859e-17
5146.69839954376	2.1273464e-17
5152.2127108573895	2.0259048e-17
5157.727022171019	2.020091e-17
5163.241333484648	2.0442945e-17
5168.755644798277	2.3647001e-17
5174.269956111906	2.2259832e-17
5179.784267425535	1.8272135e-17
5185.298578739164	2.4033867e-17
5190.812890052794	1.6520886e-17
5196.327201366423	2.2050724e-17
5201.841512680052	1.990274e-17
5207.355823993681	2.6918603e-17
5212.87013530731	1.6299119e-17
5218.384446620939	1.4225121e-17
5223.8987579345685	1.8622145e-17
5229.413069248198	1.4495932e-17
5234.927380561827	1.7971184e-17
5240.441691875456	2.1718507e-17
5245.956003189085	1.1253513e-17
5251.470314502714	1.3605358e-17
5256.984625816343	1.3907766e-17
5262.498937129973	2.2027615e-17
5268.013248443602	2.1371584e-17
5273.527559757231	1.2614688e-17
5279.04187107086	1.3907062e-17
5284.556182384489	1.6349174e-17
5290.070493698118	1.7054474e-17
5295.584805011747	1.0977987e-17
5301.099116325377	2.0592233e-17
5306.613427639006	1.3506142e-17
5312.127738952635	1.6972014e-17
5317.642050266264	1.7513986e-17
5323.156361579893	1.8516317e-17
5328.670672893522	1.9416232e-17
5334.1849842071515	1.747116e-17
5339.699295520781	1.28456385e-17
5345.21360683441	1.993236e-17
5350.727918148039	1.7311279e-17
5356.242229461668	1.491153e-17
5361.756540775297	1.18196094e-17
5367.270852088926	1.1016973e-17
5372.785163402556	1.4825666e-17
5378.299474716185	1.9656933e-17
5383.813786029814	2.0113108e-17
5389.328097343443	1.5576759e-17
5394.842408657072	1.6398603e-17
5400.356719970701	1.8414607e-17
5405.8710312843305	1.7673817e-17
5411.38534259796	1.5188465e-17
5416.899653911589	1.4432704e-17
5422.413965225218	1.8151175e-17
5427.928276538847	2.2542341e-17
5433.442587852476	1.5711874e-17
5438.956899166105	1.7180995e-17
5444.4712104797345	1.6061042e-17
5449.985521793364	1.874718e-17
5455.499833106993	1.7129278e-17
5461.014144420622	1.5790396e-17
5466.528455734251	1.9031237e-17
5472.04276704788	1.7651996e-17
5477.557078361509	2.3105292e-17
5483.071389675139	1.6534095e-17
5488.585700988768	2.3564334e-17
5494.100012302397	2.2641479e-17
5499.614323616026	2.1515294e-17
5505.128634929655	1.951623e-17
5510.642946243284	2.1532856e-17
5516.1572575569135	1.77415e-17
5521.671568870543	1.7874228e-17
5527.185880184172	1.7092357e-17
5532.700191497801	1.911662e-17
5538.21450281143	2.3034082e-17
5543.728814125059	1.5959317e-17
5549.243125438688	2.086542e-17
5554.7574367523175	2.2425277e-17
5560.271748065947	2.426431e-17
5565.786059379576	2.3591522e-17
5571.300370693205	1.33260286e-17
5576.814682006834	1.2495215e-17
5582.328993320463	1.9967869e-17
5587.843304634092	2.2242554e-17
5593.357615947722	2.4073672e-17
5598.871927261351	1.873101e-17
5604.38623857498	1.9529766e-17
5609.900549888609	2.4887646e-17
5615.414861202238	1.8925229e-17
5620.929172515867	1.892379e-17
5626.4434838294965	2.3238888e-17
5631.957795143126	1.6713102e-17
5637.472106456755	2.024606e-17
5642.986417770384	2.0204944e-17
5648.500729084013	2.2036689e-17
5654.015040397642	2.305943e-17
5659.529351711271	2.0729495e-17
5665.0436630249005	2.1896204e-17
5670.55797433853	1.7149962e-17
5676.072285652159	1.6049837e-17
5681.586596965788	1.1629725e-17
5687.100908279417	1.7590487e-17
5692.615219593046	1.7327647e-17
5698.129530906675	1.8136722e-17
5703.643842220305	2.4135193e-17
5709.158153533934	2.0892751e-17
5714.672464847563	2.0628296e-17
5720.186776161192	1.6052016e-17
5725.701087474821	2.228498e-17
5731.21539878845	2.1790801e-17
5736.7297101020795	1.852432e-17
5742.244021415709	2.025061e-17
5747.758332729338	2.6257014e-17
5753.272644042967	2.5336703e-17
5758.786955356596	2.218257e-17
5764.301266670225	2.3833545e-17
5769.815577983854	2.0977606e-17
5775.3298892974835	2.4538654e-17
5780.844200611113	2.1156056e-17
5786.358511924742	1.7806125e-17
5791.872823238371	1.8770055e-17
5797.387134552	2.1908995e-17
5802.901445865629	2.2314195e-17
5808.415757179258	2.1740148e-17
5813.930068492888	1.7386213e-17
5819.444379806518	1.9119413e-17
5824.958691120147	1.8229463e-17
5830.473002433776	1.8061047e-17
5835.987313747405	1.2855171e-17
5841.501625061034	1.6576934e-17
5847.015936374663	1.816685e-17
5852.530247688293	1.4525244e-17
5858.044559001922	1.4525024e-17
5863.558870315551	2.0554992e-17
5869.07318162918	2.1307863e-17
5874.587492942809	1.0898538e-17
5880.101804256438	1.40943e-17
5885.616115570067	1.5555775e-17
5891.130426883697	1.7039156e-17
5896.644738197326	1.2134652e-17
5902.159049510955	1.7357487e-17
5907.673360824584	1.5459063e-17
5913.187672138213	1.4290554e-17
5918.701983451842	1.7465234e-17
5924.2162947654715	9.23171e-18
5929.730606079101	1.5940341e-17
5935.24491739273	1.5375362e-17
5940.759228706359	1.14175045e-17
5946.273540019988	1.2379842e-17
5951.787851333617	1.06463406e-17
5957.302162647246	1.2437905e-17
5962.816473960876	1.6681513e-17
5968.330785274505	1.3219145e-17
5973.845096588134	1.2200579e-17
5979.359407901763	1.5319267e-17
5984.873719215392	1.04069305e-17
5990.388030529021	1.0100884e-17
5995.9023418426505	1.0760761e-17
6001.41665315628	1.0974969e-17
6006.930964469909	1.1520363e-17
6012.445275783538	9.448906e-18
6017.959587097167	7.021032e-18
6023.473898410796	7.699609e-18
6028.988209724425	1.0826942e-17
6034.5025210380545	1.2352816e-17
6040.016832351684	1.855484e-17
6045.531143665313	1.3464789e-17
6051.045454978942	1.2129557e-17
6056.559766292571	1.9180732e-17
6062.0740776062	1.2344847e-17
6067.588388919829	1.6098331e-17
6073.102700233459	1.5414203e-17
6078.617011547089	1.205015e-17
6084.131322860718	2.1579246e-17
6089.645634174347	1.8027333e-17
6095.159945487976	1.37805254e-17
6100.674256801605	1.757953e-17
6106.188568115234	2.1439241e-17
6111.7028794288635	1.7976115e-17
6117.217190742493	2.1058352e-17
6122.731502056122	1.8199558e-17
6128.245813369751	1.852632e-17
6133.76012468338	1.9141262e-17
6139.274435997009	1.9094935e-17
6144.788747310638	2.1668635e-17
6150.303058624268	1.7303664e-17
6155.817369937897	2.0846598e-17
6161.331681251526	1.7780896e-17
6166.845992565155	2.0006189e-17
6172.360303878784	2.2696963e-17
6177.874615192413	1.7864916e-17
6183.3889265060425	1.559186e-17
6188.903237819672	1.7100328e-17
6194.417549133301	2.1691228e-17
6199.93186044693	1.3900244e-17
6205.446171760559	1.7474267e-17
6210.960483074188	1.6701187e-17
6216.474794387817	1.9343503e-17
6221.9891057014465	2.0519403e-17
6227.503417015076	1.6566113e-17
6233.017728328705	2.1613917e-17
6238.532039642334	1.556101e-17
6244.046350955963	1.3059504e-17
6249.560662269592	1.7969202e-17
6255.074973583221	2.1939113e-17
6260.589284896851	1.918734e-17
6266.10359621048	1.7082726e-17
6271.617907524109	1.7213935e-17
6277.132218837738	1.8019587e-17
6282.646530151367	1.8079015e-17
6288.160841464996	9.834981e-18
6293.6751527786255	1.9842e-17
6299.189464092255	1.7160414e-17
6304.703775405884	9.330353e-18
6310.218086719513	1.2671019e-17
6315.732398033142	1.7288368e-17
6321.246709346771	1.5053132e-17
6326.7610206604	1.1021876e-17
6332.2753319740295	1.7676477e-17
6337.789643287659	1.7389249e-17
6343.303954601288	1.2717498e-17
6348.818265914917	1.5048027e-17
6354.332577228546	1.1699442e-17
6359.846888542175	1.20425925e-17
6365.361199855804	1.2268426e-17
6370.875511169434	1.2780737e-17
6376.389822483063	1.4109013e-17
6381.904133796692	1.4785056e-17
6387.418445110321	1.23679235e-17
6392.93275642395	1.610955e-17
6398.447067737579	1.5652666e-17
6403.9613790512085	2.0788397e-17
6409.475690364838	1.3296037e-17
6414.990001678467	1.711316e-17
6420.504312992096	2.3641525e-17
6426.018624305725	1.8012343e-17
6431.532935619354	1.9091975e-17
6437.047246932983	1.9227871e-17
6442.561558246613	1.3081935e-17
6448.075869560242	2.0634087e-17
6453.590180873871	1.8764996e-17
6459.1044921875	1.6483212e-17
6464.618803501129	2.0123787e-17
6470.133114814758	1.7898226e-17
6475.647426128387	1.556649e-17
6481.161737442017	2.1536064e-17
6486.676048755646	1.6978828e-17
6492.190360069275	2.248771e-17
6497.704671382904	2.0918575e-17
6503.218982696533	1.4969114e-17
6508.733294010162	2.4389558e-17
6514.2476053237915	2.4126369e-17
6519.761916637421	1.8660425e-17
6525.27622795105	1.4302522e-17
6530.790539264679	1.8801025e-17
6536.304850578308	2.2528322e-17
6541.819161891937	2.3179071e-17
6547.333473205566	2.3159896e-17
6552.847784519196	2.2213775e-17
6558.362095832825	2.3529108e-17
6563.876407146454	2.798401e-17
6569.390718460083	2.7651923e-17
6574.905029773712	3.069272e-17
6580.419341087341	2.7348297e-17
6585.9336524009705	3.1843214e-17
6591.4479637146	3.858028e-17
6596.962275028229	3.2932667e-17
6602.476586341858	3.6081337e-17
6607.990897655487	3.9192598e-17
6613.505208969116	4.1060266e-17
6619.019520282745	4.9076507e-17
6624.5338315963745	4.1388746e-17
6630.048142910004	4.2557016e-17
6635.562454223633	4.8672393e-17
6641.076765537262	4.8663608e-17
6646.591076850891	4.9454535e-17
6652.10538816452	4.787653e-17
6657.619699478149	5.4182087e-17
6663.134010791779	4.941228e-17
6668.648322105408	5.3582533e-17
6674.162633419037	5.9752483e-17
6679.676944732666	5.272072e-17
6685.191256046295	5.7164785e-17
6690.705567359924	5.3855887e-17
6696.2198786735535	5.432854e-17
6701.734189987183	5.575393e-17
6707.248501300812	5.487525e-17
6712.762812614441	6.148479e-17
6718.27712392807	6.3939017e-17
6723.791435241699	6.199327e-17
6729.305746555328	6.6607164e-17
6734.8200578689575	6.7555834e-17
6740.334369182587	6.5098545e-17
6745.848680496216	6.577656e-17
6751.362991809845	6.392974e-17
6756.877303123474	7.037346e-17
6762.391614437103	7.5069036e-17
6767.905925750732	6.97118e-17
6773.420237064362	6.990688e-17
6778.934548377991	7.6592173e-17
6784.44885969162	7.3207436e-17
6789.963171005249	6.752958e-17
6795.477482318878	7.455928e-17
6800.991793632507	6.935461e-17
6806.5061049461365	7.185904e-17
6812.020416259766	7.8205156e-17
6817.534727573395	6.984014e-17
6823.049038887024	7.023488e-17
6828.563350200653	7.170301e-17
6834.077661514282	7.6396886e-17
6839.591972827911	7.574831e-17
6845.106284141541	7.074926e-17
6850.620595455171	6.967728e-17
6856.1349067688	6.814672e-17
6861.649218082429	7.2012994e-17
6867.163529396058	6.5311144e-17
6872.677840709687	6.111134e-17
6878.192152023316	5.565861e-17
6883.7064633369455	5.678922e-17
6889.220774650575	5.7133616e-17
6894.735085964204	5.486571e-17
6900.249397277833	5.585855e-17
6905.763708591462	5.5152678e-17
6911.278019905091	5.3700268e-17
6916.79233121872	5.0336045e-17
6922.3066425323495	5.2353757e-17
6927.820953845979	5.0255166e-17
6933.335265159608	5.238132e-17
6938.849576473237	4.8201512e-17
6944.363887786866	4.3660575e-17
6949.878199100495	4.2870852e-17
6955.392510414124	4.3603612e-17
6960.906821727754	4.2520564e-17
6966.421133041383	3.703778e-17
6971.935444355012	3.736689e-17
6977.449755668641	3.2563318e-17
6982.96406698227	3.7999926e-17
6988.478378295899	2.8851557e-17
6993.9926896095285	3.4138624e-17
6999.507000923158	3.584498e-17
7005.021312236787	2.696635e-17
7010.535623550416	2.1552641e-17
7016.049934864045	2.6239752e-17
7021.564246177674	2.8035626e-17
7027.078557491303	2.6027034e-17
7032.592868804933	2.3074617e-17
7038.107180118562	2.0932092e-17
7043.621491432191	2.089879e-17
7049.13580274582	2.1050287e-17
7054.650114059449	2.1033954e-17
7060.164425373078	2.0774497e-17
7065.678736686707	1.9201162e-17
7071.193048000337	1.729626e-17
7076.707359313966	1.7232367e-17
7082.221670627595	1.6709328e-17
7087.735981941224	1.7926395e-17
7093.250293254853	1.7971988e-17
7098.764604568482	1.7463895e-17
7104.278915882112	1.8401013e-17
7109.793227195742	1.8451177e-17
7115.307538509371	1.4793698e-17
7120.821849823	1.4386836e-17
7126.336161136629	1.6525982e-17
7131.850472450258	1.5417189e-17
7137.364783763887	1.5911464e-17
7142.8790950775165	1.762023e-17
7148.393406391146	1.5235593e-17
7153.907717704775	1.4480275e-17
7159.422029018404	1.3579091e-17
7164.936340332033	1.8219482e-17
7170.450651645662	1.27153145e-17
7175.964962959291	1.4907843e-17
7181.4792742729205	1.6199474e-17
7186.99358558655	1.13730866e-17
7192.507896900179	1.8075132e-17
7198.022208213808	1.7832358e-17
7203.536519527437	1.4459084e-17
7209.050830841066	1.6926969e-17
7214.565142154695	1.8130987e-17
7220.079453468325	1.4830066e-17
7225.593764781954	8.340084e-18
7231.108076095583	1.1105978e-17
7236.622387409212	1.2353795e-17
7242.136698722841	1.2610394e-17
7247.65101003647	1.3415142e-17
7253.1653213500995	1.4966323e-17
7258.679632663729	1.5942924e-17
7264.193943977358	1.3828505e-17
7269.708255290987	1.159162e-17
7275.222566604616	9.927329e-18
7280.736877918245	1.6655601e-17
7286.251189231874	1.01019465e-17
7291.7655005455035	1.5602671e-17
7297.279811859133	1.4885024e-17
7302.794123172762	1.8906543e-17
7308.308434486391	1.417289e-17
7313.82274580002	1.6951474e-17
7319.337057113649	1.514831e-17
7324.851368427278	1.0941799e-17
7330.365679740908	1.2268748e-17
7335.879991054537	1.1291801e-17
7341.394302368166	1.3716053e-17
7346.908613681795	1.732785e-17
7352.422924995424	1.8526142e-17
7357.937236309053	1.6295622e-17
7363.4515476226825	1.6633757e-17
7368.965858936312	1.5760537e-17
7374.480170249941	1.11112095e-17
7379.99448156357	1.333824e-17
7385.508792877199	1.7324635e-17
7391.023104190828	1.488495e-17
7396.537415504457	7.9828074e-18
7402.0517268180865	8.893321e-18
7407.566038131716	1.786325e-17
7413.080349445345	1.403718e-17
7418.594660758974	1.9164142e-17
7424.108972072603	1.5222638e-17
7429.623283386232	1.362485e-17
7435.137594699861	1.1962385e-17
7440.651906013491	1.6828708e-17
7446.16621732712	1.0229771e-17
7451.680528640749	9.461698e-18
7457.194839954378	1.34407444e-17
7462.709151268007	1.3642014e-17
7468.223462581636	8.158668e-18
7473.7377738952655	8.395907e-18
7479.252085208895	1.7847749e-17
7484.766396522524	1.558757e-17
7490.280707836153	1.29124275e-17
7495.795019149782	1.6379897e-17
7501.309330463411	1.396144e-17
7506.82364177704	1.310061e-17
7512.3379530906695	1.6928129e-17
7517.852264404299	1.7386754e-17
7523.366575717928	1.2406311e-17
7528.880887031557	1.7233496e-17
7534.395198345186	1.3891992e-17
7539.909509658815	1.2496e-17
7545.423820972444	1.634901e-17
7550.938132286074	1.5133934e-17
7556.452443599703	1.5772956e-17
7561.966754913332	1.5740066e-17
7567.481066226961	1.4811799e-17
7572.99537754059	1.4407248e-17
7578.509688854219	2.2562048e-17
7584.0240001678485	2.4015182e-17
7589.538311481478	2.2868286e-17
7595.052622795107	3.081852e-17
7600.566934108736	2.2061014e-17
7606.081245422365	1.751994e-17
7611.595556735994	2.0225392e-17
7617.109868049623	1.8055154e-17
7622.624179363253	2.3520465e-17
7628.138490676882	1.8855003e-17
7633.652801990511	1.16894095e-17
7639.16711330414	9.781399e-18
7644.681424617769	1.313553e-17
7650.195735931398	2.1250055e-17
7655.710047245027	1.8162186e-17
7661.224358558657	1.1897859e-17
7666.738669872286	1.1805195e-17
7672.252981185915	1.0114951e-17
7677.767292499544	1.3904218e-17
7683.281603813173	1.6938909e-17
7688.795915126802	1.3294274e-17
7694.3102264404315	2.024479e-17
7699.824537754061	1.4694275e-17
7705.33884906769	8.699821e-18
7710.853160381319	1.7937924e-17
7716.367471694948	1.17056115e-17
7721.881783008577	1.212863e-17
7727.396094322206	1.1877424e-17
7732.910405635836	1.0315599e-17
7738.424716949465	8.5956705e-18
7743.939028263094	8.9955974e-18
7749.453339576723	1.6865425e-17
7754.967650890352	2.0962845e-17
7760.481962203981	1.5198797e-17
7765.9962735176105	1.0837771e-17
7771.51058483124	9.584827e-18
7777.024896144869	6.72571e-18
7782.539207458498	8.110123e-18
7788.053518772127	8.977103e-18
7793.567830085756	9.204663e-18
7799.082141399385	8.665971e-18
7804.5964527130145	9.088618e-18
7810.110764026644	1.07963316e-17
7815.625075340273	9.5444285e-18
7821.139386653902	1.3793821e-17
7826.653697967531	1.0975417e-17
7832.16800928116	1.0111002e-17
7837.682320594789	1.5299779e-17
7843.196631908419	9.577364e-18
7848.710943222048	-1.849809e-18
7854.225254535677	3.5837464e-18
7859.739565849306	9.359965e-18
7865.253877162935	9.336658e-18
7870.768188476564	7.2862055e-18
7876.2824997901935	9.4073415e-18
7881.796811103823	3.8909348e-18
7887.311122417452	1.03867415e-17
7892.825433731081	1.6901374e-17
7898.33974504471	1.2658936e-17
7903.854056358339	1.1666859e-17
7909.368367671968	9.039015e-18
7914.8826789855975	9.202378e-19
7920.396990299227	2.373627e-18
7925.911301612856	1.2259065e-17
7931.425612926485	9.405547e-18
7936.939924240114	4.334595e-18
7942.454235553743	9.958872e-18
7947.968546867372	7.9138545e-18
7953.482858181002	1.23937365e-17
7958.997169494631	8.791295e-18
7964.51148080826	1.5904382e-17
7970.025792121889	9.770166e-18
7975.540103435518	8.5384776e-18
7981.054414749147	8.5625866e-18
7986.5687260627765	9.050771e-18
7992.083037376406	1.06826e-17
7997.597348690035	8.430229e-18
8003.111660003666	2.846729e-18
8008.625971317295	4.941593e-18
8014.140282630924	8.8668004e-18
8019.654593944553	5.40886e-18
8025.168905258182	1.6472016e-17
8030.6832165718115	1.295723e-17
8036.197527885441	9.7757545e-18
8041.71183919907	1.1602982e-17
8047.226150512699	1.1252816e-17
8052.740461826328	1.4043942e-17
8058.254773139957	1.4519963e-17
8063.769084453586	1.1531706e-17
8069.283395767216	9.8051665e-18
8074.797707080845	1.321903e-17
8080.312018394474	1.0593647e-17
8085.826329708103	1.3658554e-17
8091.340641021732	1.1982422e-17
8096.854952335361	1.9365354e-17
8102.36926364899	1.8306566e-17
8107.88357496262	1.0465934e-17
8113.397886276249	1.9559903e-17
8118.912197589878	7.322456e-18
8124.426508903507	7.308247e-18
8129.940820217136	4.500606e-18
8135.455131530765	8.025346e-18
8140.9694428443945	1.4443743e-17
8146.483754158024	1.5323207e-17
8151.998065471653	1.1968973e-17
8157.512376785282	1.1081426e-17
8163.026688098911	9.669733e-18
8168.54099941254	8.52746e-18
8174.055310726169	1.0780896e-17
8179.569622039799	1.6532047e-17
8185.083933353428	1.5334509e-17
8190.598244667057	8.610334e-18
8196.112555980686	8.7612555e-18
8201.626867294315	8.160293e-18
8207.141178607944	6.8000988e-18
8212.655489921573	8.9700475e-18
8218.169801235203	8.2925915e-18
8223.684112548832	1.37200296e-17
8229.198423862461	1.8408044e-17
8234.71273517609	1.061256e-17
8240.22704648972	4.8330335e-18
8245.741357803348	1.154679e-17
8251.255669116978	6.66661e-18
8256.769980430607	9.920182e-18
8262.284291744236	8.299127e-18
8267.798603057865	1.0301555e-17
8273.312914371494	8.507216e-18
8278.827225685123	1.2575187e-17
8284.341536998752	1.1319495e-17
8289.855848312382	4.620022e-18
8295.37015962601	1.1813074e-17
8300.88447093964	7.374882e-18
8306.398782253269	9.815116e-18
8311.913093566898	1.0786165e-17
8317.427404880527	9.707822e-18
8322.941716194156	1.3519441e-17
8328.456027507786	1.1761677e-17
8333.970338821415	9.904796e-18
8339.484650135044	9.337972e-18
8344.998961448673	9.7994516e-18
8350.513272762302	6.530698e-18
8356.027584075931	9.612456e-18
8361.54189538956	6.4601292e-18
8367.05620670319	9.663979e-18
8372.570518016819	1.2159348e-17
8378.084829330448	5.5496486e-18
8383.599140644077	8.072324e-18
8389.113451957706	6.783923e-18
8394.627763271335	1.4759236e-17
8400.142074584965	2.0885384e-17
8405.656385898594	2.5244095e-17
8411.170697212223	1.137968e-17
8416.685008525852	2.5765413e-18
8422.199319839481	2.5475796e-18
8427.71363115311	7.0824155e-18
8433.22794246674	9.6508295e-18
8438.742253780369	4.311155e-18
8444.256565093998	7.171915e-18
8449.770876407627	1.0849877e-17
8455.285187721256	7.17041e-18
8460.799499034885	8.648239e-18
8466.313810348514	1.12114414e-17
8471.828121662144	1.2022535e-17
8477.342432975773	1.2626977e-17
8482.856744289402	1.1526443e-17
8488.371055603031	7.226742e-18
8493.88536691666	4.673547e-18
8499.39967823029	6.820103e-18
8504.913989543918	7.937968e-18
8510.428300857548	5.099517e-18
8515.942612171177	1.30443736e-17
8521.456923484806	1.0339542e-17
8526.971234798435	1.30089016e-17
8532.485546112064	7.1851745e-18
8537.999857425693	8.9486094e-18
8543.514168739322	1.2857251e-17
8549.028480052952	1.02309396e-17
8554.54279136658	1.2943665e-17
8560.05710268021	1.0951823e-17
8565.571413993839	1.1912025e-17
8571.085725307468	1.8741176e-17
8576.600036621097	1.7264065e-17
8582.114347934727	1.2339078e-17
8587.628659248356	2.2495458e-17
8593.142970561985	1.407531e-17
8598.657281875614	1.26167675e-17
8604.171593189243	1.2240969e-17
8609.685904502872	9.881003e-18
8615.200215816501	1.5322437e-17
8620.71452713013	1.8060686e-17
8626.22883844376	1.06269655e-17
8631.743149757389	2.8758166e-18
8637.257461071018	7.942885e-18
8642.771772384647	1.6644864e-17
8648.286083698276	1.5045874e-17
8653.800395011905	1.2058687e-17
8659.314706325535	1.6447158e-17
8664.829017639164	1.1562989e-17
8670.343328952793	1.5403777e-17
8675.857640266422	1.332895e-17
8681.371951580051	1.2754638e-17
8686.88626289368	1.10397675e-17
8692.40057420731	8.0241516e-18
8697.914885520939	1.079561e-17
8703.429196834568	1.2913295e-17
8708.943508148197	2.338666e-17
8714.457819461826	2.3328889e-17
8719.972130775455	1.30256354e-17
8725.486442089084	1.5353382e-17
8731.000753402714	8.6624935e-18
8736.515064716343	1.6278316e-17
8742.029376029972	1.9324223e-17
8747.543687343601	2.0809245e-17
8753.05799865723	2.0357274e-17
8758.57230997086	1.9670284e-17
8764.086621284489	1.5829605e-17
8769.600932598118	1.0814156e-17
8775.115243911747	1.5906453e-17
8780.629555225376	2.2285118e-17
8786.143866539005	2.2234625e-17
8791.658177852634	1.7751842e-17
8797.172489166263	1.22845015e-17
8802.686800479893	1.7762915e-17
8808.201111793522	1.8233168e-17
8813.71542310715	1.8026284e-17
8819.22973442078	2.9307032e-17
8824.74404573441	3.560095e-17
8830.258357048038	1.9467077e-17
8835.772668361667	1.520586e-17
8841.286979675297	2.1215853e-17
8846.801290988926	1.7288234e-17
8852.315602302555	2.82372e-17
8857.829913616184	3.016758e-17
8863.344224929813	3.1721996e-17
8868.858536243442	2.3025307e-17
8874.372847557072	1.6283237e-17
8879.8871588707	1.7590014e-17
8885.40147018433	2.5473055e-17
8890.915781497959	2.708892e-17
8896.430092811588	2.8862406e-17
8901.944404125217	2.6112634e-17
8907.458715438846	2.5248535e-17
8912.973026752476	2.0745126e-17
8918.487338066105	1.8392344e-17
8924.001649379734	3.178728e-17
8929.515960693363	2.6500658e-17
8935.030272006992	2.5121414e-17
8940.544583320621	2.6150582e-17
8946.05889463425	3.0222493e-17
8951.57320594788	2.1288396e-17
8957.087517261509	2.5489632e-17
8962.601828575138	3.6624652e-17
8968.116139888767	3.0326433e-17
8973.630451202396	2.2098347e-17
8979.144762516025	1.4695668e-17
8984.659073829655	2.358001e-17
8990.173385143284	3.2524364e-17
8995.687696456913	3.2814652e-17
9001.202007770542	2.7341069e-17
9006.716319084171	2.3707476e-17
9012.2306303978	2.7720995e-17
9017.74494171143	2.446142e-17
9023.259253025059	3.3399634e-17
9028.77356433869	2.3317386e-17
9034.287875652319	2.7299716e-17
9039.802186965948	2.9964108e-17
9045.316498279577	2.4731286e-17
9050.830809593206	2.2080208e-17
9056.345120906835	2.5897442e-17
9061.859432220464	3.857094e-17
9067.373743534094	2.3170972e-17
9072.888054847723	2.7065833e-17
9078.402366161352	2.2252262e-17
9083.916677474981	2.3450054e-17
9089.43098878861	1.8269053e-17
9094.94530010224	2.5127335e-17
9100.459611415868	2.4430503e-17
9105.973922729498	1.8979917e-17
9111.488234043127	1.7853962e-17
9117.002545356756	1.9417539e-17
9122.516856670385	2.0580045e-17
9128.031167984014	1.6398088e-17
9133.545479297643	1.17014045e-17
9139.059790611273	1.5862462e-17
9144.574101924902	2.1251678e-17
9150.08841323853	2.5282598e-17
9155.60272455216	1.8648532e-17
9161.11703586579	9.779651e-18
9166.631347179418	1.1245018e-17
9172.145658493047	7.9861434e-18
9177.659969806677	1.2812096e-17
9183.174281120306	1.6215547e-17
9188.688592433935	1.52816e-17
9194.202903747564	1.1999609e-17
9199.717215061193	5.9663156e-18
9205.231526374822	4.3899906e-18
9210.745837688452	4.77294e-18
9216.26014900208	1.03038795e-17
9221.77446031571	1.0182585e-17
9227.288771629339	1.2480811e-17
