3634.9091796875	5.474695e-17
3640.422842979431	4.3226596e-17
3645.9365062713623	4.8915445e-17
3651.4501695632935	2.6166323e-17
3656.9638328552246	3.649352e-17
3662.4774961471558	2.7364991e-17
3667.991159439087	4.875225e-17
3673.504822731018	4.7106252e-17
3679.018486022949	4.4233265e-17
3684.5321493148804	3.9627596e-17
3690.0458126068115	4.1145578e-17
3695.5594758987427	4.2976155e-17
3701.073139190674	4.9369497e-17
3706.586802482605	3.6220214e-17
3712.100465774536	4.603119e-17
3717.6141290664673	4.0431467e-17
3723.1277923583984	5.5132554e-17
3728.6414556503296	4.0817555e-17
3734.1551189422607	4.2638014e-17
3739.668782234192	4.2448633e-17
3745.182445526123	4.4283673e-17
3750.696108818054	4.425361e-17
3756.2097721099854	4.506414e-17
3761.7234354019165	4.3434503e-17
3767.2370986938477	4.1989114e-17
3772.750761985779	4.273043e-17
3778.26442527771	4.4756258e-17
3783.778088569641	4.9207684e-17
3789.2917518615723	4.2269336e-17
3794.8054151535034	4.427626e-17
3800.3190784454346	4.023721e-17
3805.832741737366	5.070762e-17
3811.3464050292973	5.083365e-17
3816.8600683212285	4.7065118e-17
3822.3737316131596	4.0504275e-17
3827.887394905091	4.758005e-17
3833.401058197022	5.4812634e-17
3838.914721488953	4.6127462e-17
3844.4283847808842	4.485137e-17
3849.9420480728154	4.6528364e-17
3855.4557113647465	4.8701532e-17
3860.9693746566777	4.8401206e-17
3866.483037948609	4.211352e-17
3871.99670124054	5.2043163e-17
3877.510364532471	5.3208813e-17
3883.0240278244023	5.3279683e-17
3888.5376911163335	5.1704436e-17
3894.0513544082646	5.270983e-17
3899.5650177001958	4.7175364e-17
3905.078680992127	4.619619e-17
3910.592344284058	4.6630388e-17
3916.106007575989	5.1824202e-17
3921.6196708679204	4.7749153e-17
3927.1333341598515	5.664748e-17
3932.6469974517827	5.5540235e-17
3938.160660743714	5.598732e-17
3943.674324035645	5.760046e-17
3949.187987327576	6.62857e-17
3954.7016506195073	6.309191e-17
3960.2153139114384	6.335638e-17
3965.7289772033696	6.658148e-17
3971.2426404953007	6.8673415e-17
3976.756303787232	6.3392674e-17
3982.269967079163	6.538338e-17
3987.783630371094	6.8366524e-17
3993.2972936630254	6.6223716e-17
3998.8109569549565	6.2934164e-17
4004.3246202468877	6.087476e-17
4009.838283538819	5.970776e-17
4015.35194683075	5.9710026e-17
4020.865610122681	6.116939e-17
4026.3792734146123	5.9126136e-17
4031.8929367065434	5.854644e-17
4037.4065999984746	5.804768e-17
4042.9202632904057	5.895033e-17
4048.433926582337	5.630328e-17
4053.947589874268	6.077767e-17
4059.461253166199	6.021609e-17
4064.9749164581303	6.270413e-17
4070.4885797500615	6.150683e-17
4076.0022430419926	5.9904506e-17
4081.515906333924	6.014998e-17
4087.0295696258554	6.201802e-17
4092.5432329177866	6.473065e-17
4098.056896209718	6.848002e-17
4103.570559501649	6.489253e-17
4109.08422279358	6.2277806e-17
4114.597886085511	5.882516e-17
4120.111549377442	6.4716527e-17
4125.6252126693735	6.0649e-17
4131.138875961305	6.4962894e-17
4136.652539253236	6.210651e-17
4142.166202545167	5.715392e-17
4147.679865837098	6.2469567e-17
4153.193529129029	6.185014e-17
4158.70719242096	5.819806e-17
4164.2208557128915	6.465299e-17
4169.734519004823	6.0483526e-17
4175.248182296754	5.882959e-17
4180.761845588685	6.30125e-17
4186.275508880616	6.233724e-17
4191.789172172547	5.7024296e-17
4197.302835464478	6.307397e-17
4202.81649875641	6.3475855e-17
4208.330162048341	6.637101e-17
4213.843825340272	6.934728e-17
4219.357488632203	6.37039e-17
4224.871151924134	6.670819e-17
4230.384815216065	6.9103694e-17
4235.8984785079965	6.807674e-17
4241.412141799928	6.717105e-17
4246.925805091859	6.294385e-17
4252.43946838379	6.676359e-17
4257.953131675721	6.634729e-17
4263.466794967652	6.4170534e-17
4268.980458259583	6.211313e-17
4274.494121551515	6.7265275e-17
4280.007784843446	5.847211e-17
4285.521448135377	6.6365964e-17
4291.035111427308	6.198817e-17
4296.548774719239	5.8540287e-17
4302.06243801117	6.311355e-17
4307.5761013031015	6.0111314e-17
4313.089764595033	5.8383466e-17
4318.603427886964	6.318271e-17
4324.117091178895	6.15363e-17
4329.630754470826	5.769072e-17
4335.144417762757	6.198056e-17
4340.658081054688	5.510005e-17
4346.17174434662	6.067109e-17
4351.685407638551	5.691002e-17
4357.199070930482	5.813329e-17
4362.712734222413	6.1104586e-17
4368.226397514344	5.6538344e-17
4373.740060806275	5.4919982e-17
4379.2537240982065	5.812824e-17
4384.767387390138	5.782403e-17
4390.281050682069	5.4649348e-17
4395.794713974	5.543744e-17
4401.308377265931	5.5217333e-17
4406.822040557862	5.708973e-17
4412.335703849793	5.736881e-17
4417.8493671417245	5.678404e-17
4423.363030433656	5.645018e-17
4428.876693725587	6.0364815e-17
4434.390357017518	5.6478364e-17
4439.904020309449	5.709811e-17
4445.41768360138	5.933315e-17
4450.9313468933115	6.045762e-17
4456.445010185243	6.070887e-17
4461.958673477174	6.102437e-17
4467.472336769105	5.919438e-17
4472.986000061036	6.155385e-17
4478.499663352967	6.2448616e-17
4484.013326644898	6.001469e-17
4489.5269899368295	6.2747876e-17
4495.040653228761	6.168889e-17
4500.554316520692	6.054351e-17
4506.067979812623	6.333417e-17
4511.581643104554	6.5384604e-17
4517.095306396485	6.340563e-17
4522.608969688416	6.6089415e-17
4528.122632980348	6.209493e-17
4533.636296272279	6.699599e-17
4539.149959564211	6.343819e-17
4544.663622856142	6.354751e-17
4550.177286148073	6.331673e-17
4555.690949440004	6.2671485e-17
4561.204612731935	6.409257e-17
4566.718276023867	6.2687254e-17
4572.231939315798	6.035445e-17
4577.745602607729	5.847852e-17
4583.25926589966	6.082827e-17
4588.772929191591	5.874985e-17
4594.286592483522	6.028231e-17
4599.8002557754535	5.873503e-17
4605.313919067385	5.984088e-17
4610.827582359316	6.4229125e-17
4616.341245651247	6.315991e-17
4621.854908943178	5.808181e-17
4627.368572235109	6.068461e-17
4632.88223552704	5.843574e-17
4638.395898818972	5.801639e-17
4643.909562110903	5.977703e-17
4649.423225402834	5.945822e-17
4654.936888694765	6.564668e-17
4660.450551986696	6.3739084e-17
4665.964215278627	6.2386306e-17
4671.4778785705585	6.5159624e-17
4676.99154186249	6.61149e-17
4682.505205154421	6.966336e-17
4688.018868446352	6.9711056e-17
4693.532531738283	7.0097614e-17
4699.046195030214	7.516928e-17
4704.559858322145	7.625409e-17
4710.0735216140765	7.501015e-17
4715.587184906008	7.9002836e-17
4721.100848197939	7.8357496e-17
4726.61451148987	7.71035e-17
4732.128174781801	7.989253e-17
4737.641838073732	8.230052e-17
4743.155501365663	8.1433946e-17
4748.669164657595	7.759185e-17
4754.182827949526	8.063742e-17
4759.696491241457	8.4645015e-17
4765.210154533388	8.2014594e-17
4770.723817825319	8.432293e-17
4776.23748111725	8.469099e-17
4781.7511444091815	8.834216e-17
4787.264807701113	8.109166e-17
4792.778470993044	8.514807e-17
4798.292134284975	8.6781364e-17
4803.805797576906	8.055957e-17
4809.319460868837	8.64861e-17
4814.833124160768	8.033088e-17
4820.3467874527	8.017915e-17
4825.860450744631	8.138753e-17
4831.374114036562	7.9949355e-17
4836.887777328493	8.134576e-17
4842.401440620424	7.7640224e-17
4847.915103912355	7.740363e-17
4853.4287672042865	7.7585267e-17
4858.942430496218	7.847602e-17
4864.456093788149	7.689248e-17
4869.96975708008	7.611292e-17
4875.483420372011	7.419092e-17
4880.997083663942	7.7201183e-17
4886.510746955873	7.8630816e-17
4892.024410247805	7.9002134e-17
4897.538073539736	7.605989e-17
4903.051736831667	7.3641574e-17
4908.565400123598	7.260358e-17
4914.079063415529	7.5246476e-17
4919.59272670746	7.147165e-17
4925.1063899993915	7.153491e-17
4930.620053291323	7.06373e-17
4936.133716583254	6.977401e-17
4941.647379875185	6.921596e-17
4947.161043167116	7.0406596e-17
4952.674706459047	6.924889e-17
4958.188369750978	7.5484466e-17
4963.7020330429095	7.355496e-17
4969.215696334841	7.9741985e-17
4974.729359626772	7.962222e-17
4980.243022918703	7.8049705e-17
4985.756686210634	8.29742e-17
4991.270349502565	8.011571e-17
4996.784012794496	8.5293994e-17
5002.297676086428	8.521949e-17
5007.811339378359	8.747377e-17
5013.32500267029	8.6085626e-17
5018.838665962221	8.5019284e-17
5024.352329254152	8.575899e-17
5029.865992546083	8.996967e-17
5035.3796558380145	8.7640805e-17
5040.893319129946	8.3639706e-17
5046.406982421877	8.9630254e-17
5051.920645713808	9.1193546e-17
5057.434309005739	9.0875425e-17
5062.94797229767	9.0341146e-17
5068.461635589601	9.0224983e-17
5073.975298881533	8.818365e-17
5079.488962173464	8.9553055e-17
5085.002625465395	8.8409944e-17
5090.516288757326	8.7507695e-17
5096.029952049257	8.446406e-17
5101.543615341188	8.4200673e-17
5107.0572786331195	8.4298995e-17
5112.570941925051	8.278069e-17
5118.084605216982	8.213357e-17
5123.598268508913	8.073812e-17
5129.111931800844	8.1477376e-17
5134.625595092775	7.883943e-17
5140.139258384706	8.013858e-17
5145.652921676638	8.183238e-17
5151.166584968569	8.186235e-17
5156.6802482605	8.343054e-17
5162.193911552431	8.0361655e-17
5167.707574844362	8.424464e-17
5173.221238136293	8.1183284e-17
5178.7349014282245	8.050353e-17
5184.248564720156	7.9564445e-17
5189.762228012087	7.7721904e-17
5195.275891304018	7.913808e-17
5200.789554595949	7.6957086e-17
5206.30321788788	7.976974e-17
5211.816881179811	7.547405e-17
5217.3305444717425	6.9267416e-17
5222.844207763674	7.192104e-17
5228.357871055605	6.9410525e-17
5233.871534347536	7.196258e-17
5239.385197639467	7.145717e-17
5244.898860931398	6.7637884e-17
5250.4125242233295	6.8934274e-17
5255.926187515261	6.388973e-17
5261.439850807192	6.5990755e-17
5266.953514099123	6.686507e-17
5272.467177391054	6.729318e-17
5277.980840682985	6.186187e-17
5283.494503974917	6.4645634e-17
5289.008167266848	6.5492965e-17
5294.52183055878	6.6388126e-17
5300.035493850711	6.539157e-17
5305.549157142642	6.6891495e-17
5311.062820434573	6.62169e-17
5316.576483726504	6.8736565e-17
5322.090147018435	6.67221e-17
5327.6038103103665	6.897135e-17
5333.117473602298	7.0501384e-17
5338.631136894229	7.02764e-17
5344.14480018616	6.9590453e-17
5349.658463478091	6.9753607e-17
5355.172126770022	6.9321865e-17
5360.685790061953	7.1939534e-17
5366.199453353885	7.085174e-17
5371.713116645816	7.0583044e-17
5377.226779937747	7.229206e-17
5382.740443229678	7.2988875e-17
5388.254106521609	7.348473e-17
5393.76776981354	7.24546e-17
5399.2814331054715	7.3627684e-17
5404.795096397403	7.054464e-17
5410.308759689334	7.587403e-17
5415.822422981265	7.312011e-17
5421.336086273196	7.618567e-17
5426.849749565127	7.477354e-17
5432.363412857058	7.2905165e-17
5437.8770761489895	7.70909e-17
5443.390739440921	7.620552e-17
5448.904402732852	7.7946936e-17
5454.418066024783	7.770068e-17
5459.931729316714	7.9728174e-17
5465.445392608645	8.155699e-17
5470.9590559005765	7.7546065e-17
5476.472719192508	7.6808756e-17
5481.986382484439	7.8629976e-17
5487.50004577637	7.996209e-17
5493.013709068301	8.0146085e-17
5498.527372360232	8.2057084e-17
5504.041035652163	8.0880437e-17
5509.5546989440945	8.203263e-17
5515.068362236026	7.844123e-17
5520.582025527957	8.1104536e-17
5526.095688819888	8.105171e-17
5531.609352111819	7.945565e-17
5537.12301540375	8.339624e-17
5542.636678695681	7.9201915e-17
5548.150341987613	8.198994e-17
5553.664005279544	8.1125567e-17
5559.177668571475	8.2306066e-17
5564.691331863406	8.5640226e-17
5570.204995155337	9.076604e-17
5575.718658447268	8.903123e-17
5581.2323217391995	8.281647e-17
5586.745985031131	8.4401056e-17
5592.259648323062	8.183447e-17
5597.773311614993	8.148624e-17
5603.286974906924	7.7334346e-17
5608.800638198855	8.0995084e-17
5614.314301490786	8.060449e-17
5619.827964782718	8.258479e-17
5625.341628074649	8.1544577e-17
5630.85529136658	8.251877e-17
5636.368954658511	7.755982e-17
5641.882617950442	8.05767e-17
5647.396281242373	8.088278e-17
5652.9099445343045	8.3086666e-17
5658.423607826236	7.921888e-17
5663.937271118167	7.871416e-17
5669.450934410098	8.06653e-17
5674.964597702029	8.288223e-17
5680.47826099396	8.074081e-17
5685.991924285892	8.1437784e-17
5691.5055875778235	7.7862524e-17
5697.019250869755	7.9902345e-17
5702.532914161686	7.967967e-17
5708.046577453617	7.967417e-17
5713.560240745548	8.3703935e-17
5719.073904037479	7.8179315e-17
5724.58756732941	8.065049e-17
5730.1012306213415	8.2291196e-17
5735.614893913273	7.961669e-17
5741.128557205204	7.913588e-17
5746.642220497135	7.6028724e-17
5752.155883789066	8.072861e-17
5757.669547080997	7.808124e-17
5763.183210372928	7.801286e-17
5768.69687366486	7.731194e-17
5774.210536956791	7.86119e-17
5779.724200248722	7.4860375e-17
5785.237863540653	8.0270354e-17
5790.751526832584	7.6056624e-17
5796.265190124515	7.727709e-17
5801.7788534164465	7.536961e-17
5807.292516708378	7.523474e-17
5812.806180000309	7.38922e-17
5818.31984329224	7.987382e-17
5823.833506584171	7.407475e-17
5829.347169876102	7.404138e-17
5834.860833168033	6.93425e-17
5840.374496459965	7.2424374e-17
5845.888159751896	7.093356e-17
5851.401823043827	7.705195e-17
5856.915486335758	7.0976166e-17
5862.429149627689	6.926353e-17
5867.94281291962	6.9644306e-17
5873.4564762115515	6.6812635e-17
5878.970139503483	6.619662e-17
5884.483802795414	6.5020466e-17
5889.997466087345	6.571365e-17
5895.511129379276	6.4803606e-17
5901.024792671207	6.4855076e-17
5906.538455963138	6.645966e-17
5912.05211925507	6.510468e-17
5917.565782547001	6.351493e-17
5923.079445838932	6.3447704e-17
5928.593109130863	6.186986e-17
5934.106772422794	6.409425e-17
5939.620435714725	6.092587e-17
5945.1340990066565	6.231511e-17
5950.647762298588	5.986505e-17
5956.161425590519	6.5210896e-17
5961.67508888245	6.482795e-17
5967.188752174381	6.166906e-17
5972.702415466312	6.071109e-17
5978.216078758243	6.351474e-17
5983.7297420501745	6.653173e-17
5989.243405342106	6.318322e-17
5994.757068634037	6.2371926e-17
6000.270731925968	6.4013185e-17
6005.784395217899	6.4107953e-17
6011.29805850983	6.4867735e-17
6016.811721801761	6.478431e-17
6022.325385093693	6.669923e-17
6027.839048385624	6.631777e-17
6033.352711677555	6.470507e-17
6038.866374969486	6.88989e-17
6044.380038261417	6.989631e-17
6049.893701553348	6.914665e-17
6055.4073648452795	7.428545e-17
6060.921028137211	7.275282e-17
6066.434691429142	7.1743955e-17
6071.948354721073	7.4899e-17
6077.462018013004	7.9021696e-17
6082.975681304935	7.915624e-17
6088.489344596866	7.6952037e-17
6094.003007888798	7.4550003e-17
6099.516671180729	7.4748176e-17
6105.03033447266	7.625985e-17
6110.543997764591	7.6088937e-17
6116.057661056522	7.4754145e-17
6121.571324348453	7.5947164e-17
6127.0849876403845	7.498578e-17
6132.598650932316	7.665091e-17
6138.112314224247	7.459952e-17
6143.625977516178	7.853676e-17
6149.139640808109	7.130476e-17
6154.65330410004	7.4972474e-17
6160.166967391971	7.46848e-17
6165.680630683903	7.505435e-17
6171.194293975834	7.6831334e-17
6176.707957267765	7.236961e-17
6182.221620559696	7.482626e-17
6187.735283851627	7.3148905e-17
6193.248947143558	7.236357e-17
6198.7626104354895	7.337865e-17
6204.276273727421	7.26035e-17
6209.789937019352	7.19026e-17
6215.303600311283	6.898021e-17
6220.817263603214	6.865955e-17
6226.330926895145	7.148615e-17
6231.844590187076	6.918557e-17
6237.3582534790075	6.838892e-17
6242.871916770939	6.986948e-17
6248.38558006287	6.739083e-17
6253.899243354801	6.342109e-17
6259.412906646732	6.5271466e-17
6264.926569938663	6.462168e-17
6270.4402332305945	6.287344e-17
6275.953896522526	6.377866e-17
6281.467559814457	6.173591e-17
6286.981223106388	6.463269e-17
6292.494886398319	6.478839e-17
6298.00854969025	5.9618196e-17
6303.522212982181	6.3165484e-17
6309.0358762741125	6.6190404e-17
6314.549539566044	6.380049e-17
6320.063202857975	6.405201e-17
6325.576866149906	6.30952e-17
6331.090529441837	6.544481e-17
6336.604192733768	6.741819e-17
6342.117856025699	6.1243175e-17
6347.631519317631	6.190807e-17
6353.145182609562	6.182668e-17
6358.658845901493	5.9401666e-17
6364.172509193424	6.372549e-17
6369.686172485355	6.106469e-17
6375.199835777286	6.273893e-17
6380.7134990692175	6.165627e-17
6386.227162361149	6.034819e-17
6391.74082565308	6.30322e-17
6397.254488945011	6.095866e-17
6402.768152236942	6.1744844e-17
6408.281815528873	6.4192935e-17
6413.795478820804	6.265258e-17
6419.309142112736	6.1483084e-17
6424.822805404667	6.026411e-17
6430.336468696598	6.4501526e-17
6435.850131988529	5.9482935e-17
6441.36379528046	6.3046416e-17
6446.877458572391	6.332536e-17
6452.3911218643225	6.194262e-17
6457.904785156254	6.185072e-17
6463.418448448185	6.246949e-17
6468.932111740116	6.068411e-17
6474.445775032047	5.735491e-17
6479.959438323978	5.682293e-17
6485.473101615909	6.400017e-17
6490.986764907841	6.331247e-17
6496.500428199772	6.082921e-17
6502.014091491703	6.033231e-17
6507.527754783634	6.038285e-17
6513.041418075565	6.113866e-17
6518.555081367496	5.937366e-17
6524.0687446594275	5.9856166e-17
6529.582407951359	6.066597e-17
6535.09607124329	6.1776436e-17
6540.609734535221	6.229666e-17
6546.123397827152	6.133319e-17
6551.637061119083	6.1373334e-17
6557.150724411014	6.4519075e-17
6562.6643877029455	6.833321e-17
6568.178050994877	6.7421e-17
6573.691714286808	7.399815e-17
6579.205377578739	7.879745e-17
6584.71904087067	8.1019046e-17
6590.232704162601	7.8325236e-17
6595.746367454532	7.688809e-17
6601.260030746464	7.911861e-17
6606.773694038395	7.7503693e-17
6612.287357330326	8.0991755e-17
6617.801020622258	8.224299e-17
6623.314683914189	8.459403e-17
6628.82834720612	8.094123e-17
6634.342010498051	8.387077e-17
6639.855673789983	8.5319055e-17
6645.369337081914	8.764265e-17
6650.883000373845	8.323552e-17
6656.396663665776	8.2292136e-17
6661.910326957707	8.3206e-17
6667.423990249638	8.592131e-17
6672.9376535415695	8.9313444e-17
6678.451316833501	8.9444204e-17
6683.964980125432	8.908798e-17
6689.478643417363	9.0011326e-17
6694.992306709294	9.11034e-17
6700.505970001225	9.3377435e-17
6706.019633293156	9.536452e-17
6711.533296585088	9.7285916e-17
6717.046959877019	9.769303e-17
6722.56062316895	9.931285e-17
6728.074286460881	1.02145834e-16
6733.587949752812	1.06365626e-16
6739.101613044743	1.1036127e-16
6744.6152763366745	1.09909784e-16
6750.128939628606	1.1077583e-16
6755.642602920537	1.1049652e-16
6761.156266212468	1.111528e-16
6766.669929504399	1.1360113e-16
6772.18359279633	1.1492513e-16
6777.697256088261	1.1410014e-16
6783.2109193801925	1.138483e-16
6788.724582672124	1.1119024e-16
6794.238245964055	1.105414e-16
6799.751909255986	1.1412145e-16
6805.265572547917	1.1281154e-16
6810.779235839848	1.10849865e-16
6816.292899131779	1.1161738e-16
6821.806562423711	1.136928e-16
6827.320225715642	1.1619118e-16
6832.833889007573	1.1517901e-16
6838.347552299504	1.124436e-16
6843.861215591435	1.099619e-16
6849.374878883366	1.0665464e-16
6854.8885421752975	1.04254867e-16
6860.402205467229	1.0198549e-16
6865.91586875916	9.8248046e-17
6871.429532051091	8.463584e-17
6876.943195343022	8.318846e-17
6882.456858634953	9.1133625e-17
6887.970521926884	9.00179e-17
6893.484185218816	8.367113e-17
6898.997848510747	8.3607664e-17
6904.511511802678	8.754786e-17
6910.025175094609	8.627793e-17
6915.53883838654	8.672421e-17
6921.052501678471	8.534214e-17
6926.5661649704025	8.321214e-17
6932.079828262335	8.395499e-17
6937.593491554266	8.4256836e-17
6943.107154846197	8.232062e-17
6948.620818138128	7.741842e-17
6954.134481430059	7.847754e-17
6959.64814472199	7.4972024e-17
6965.1618080139215	7.8889366e-17
6970.675471305853	7.56415e-17
6976.189134597784	7.5491e-17
6981.702797889715	7.432095e-17
6987.216461181646	7.313812e-17
6992.730124473577	7.3800664e-17
6998.243787765508	7.427886e-17
7003.7574510574395	7.4334526e-17
7009.271114349371	6.8732204e-17
7014.784777641302	6.4852244e-17
7020.298440933233	6.578265e-17
7025.812104225164	6.489032e-17
7031.325767517095	6.364105e-17
7036.839430809026	6.299227e-17
7042.353094100958	6.387562e-17
7047.866757392889	6.2701316e-17
7053.38042068482	6.019777e-17
7058.894083976751	5.8987765e-17
7064.407747268682	5.948778e-17
7069.921410560613	6.031385e-17
7075.4350738525445	6.009177e-17
7080.948737144476	5.990842e-17
7086.462400436407	5.8130223e-17
7091.976063728338	5.589793e-17
7097.489727020269	5.780079e-17
7103.0033903122	5.426902e-17
7108.517053604131	5.3681246e-17
7114.030716896063	5.826764e-17
7119.544380187994	5.6365126e-17
7125.058043479925	5.35624e-17
7130.571706771856	5.2437212e-17
7136.085370063787	5.4644574e-17
7141.599033355718	5.327144e-17
7147.1126966476495	5.2597487e-17
7152.626359939581	5.1022512e-17
7158.140023231512	5.0095216e-17
7163.653686523443	5.1937714e-17
7169.167349815374	5.3245788e-17
7174.681013107305	5.0113923e-17
7180.194676399236	4.7807605e-17
7185.708339691168	4.9776966e-17
7191.222002983099	5.0389805e-17
7196.73566627503	4.8477638e-17
7202.249329566961	4.8134123e-17
7207.762992858892	4.925432e-17
7213.276656150823	5.129028e-17
7218.7903194427545	5.0050535e-17
7224.303982734686	5.0434807e-17
7229.817646026617	5.1015296e-17
7235.331309318548	4.874051e-17
7240.844972610479	5.0245478e-17
7246.35863590241	4.7519313e-17
7251.872299194341	4.788864e-17
7257.385962486273	4.7865885e-17
7262.899625778204	5.032865e-17
7268.413289070135	4.872331e-17
7273.926952362066	5.5446605e-17
7279.440615653997	4.6347175e-17
7284.954278945928	5.1851297e-17
7290.4679422378595	4.8613726e-17
7295.981605529791	4.6645092e-17
7301.495268821722	5.330315e-17
7307.008932113653	5.054253e-17
7312.522595405584	5.2409614e-17
7318.036258697515	5.0769874e-17
7323.549921989446	4.8078464e-17
7329.0635852813775	4.8031202e-17
7334.577248573309	4.664955e-17
7340.09091186524	4.768496e-17
7345.604575157171	4.8391978e-17
7351.118238449102	4.7169002e-17
7356.631901741033	4.9923265e-17
7362.145565032964	4.9092584e-17
7367.659228324896	4.700288e-17
7373.172891616827	4.5269636e-17
7378.686554908758	4.2379216e-17
7384.200218200689	4.5287067e-17
7389.71388149262	4.628936e-17
7395.227544784551	5.3421276e-17
7400.7412080764825	5.396439e-17
7406.254871368414	5.3844806e-17
7411.768534660345	6.105589e-17
7417.282197952276	5.142795e-17
7422.795861244207	4.8746955e-17
7428.309524536138	4.6058022e-17
7433.823187828069	4.623137e-17
7439.336851120001	4.4017986e-17
7444.850514411932	4.555515e-17
7450.364177703863	4.5447225e-17
7455.877840995794	4.6357875e-17
7461.391504287725	4.4868794e-17
7466.905167579656	4.3305542e-17
7472.4188308715875	4.4285946e-17
7477.932494163519	4.3453197e-17
7483.44615745545	4.4931696e-17
7488.959820747381	4.6319755e-17
7494.473484039312	4.467809e-17
7499.987147331243	4.4851543e-17
7505.500810623174	4.518087e-17
7511.014473915106	4.399075e-17
7516.528137207037	4.6495988e-17
7522.041800498968	4.8018225e-17
7527.555463790899	4.5009187e-17
7533.06912708283	4.541025e-17
7538.582790374761	4.5773978e-17
7544.0964536666925	4.4960532e-17
7549.610116958624	4.443292e-17
7555.123780250555	4.5328922e-17
7560.637443542486	4.5601885e-17
7566.151106834417	4.459672e-17
7571.664770126348	4.5276343e-17
7577.178433418279	4.5669793e-17
7582.6920967102105	4.5213328e-17
7588.205760002142	4.6657387e-17
7593.719423294073	5.247003e-17
7599.233086586004	4.32631e-17
7604.746749877935	2.3861175e-17
7610.260413169866	1.8008177e-17
7615.774076461797	2.5037617e-17
7621.287739753729	3.5527877e-17
7626.80140304566	3.5923124e-17
7632.315066337591	2.9181307e-17
7637.828729629522	2.8786266e-17
7643.342392921453	3.249898e-17
7648.856056213384	3.448653e-17
7654.3697195053155	3.6537825e-17
7659.883382797247	3.7662804e-17
7665.397046089178	3.545136e-17
7670.910709381109	3.7426637e-17
7676.42437267304	4.0393982e-17
7681.938035964971	3.9048927e-17
7687.451699256902	4.131107e-17
7692.965362548834	4.0904005e-17
7698.479025840765	3.9748034e-17
7703.992689132696	3.9562394e-17
7709.506352424627	3.9736334e-17
7715.020015716558	4.3193423e-17
7720.533679008489	4.2695457e-17
7726.0473423004205	4.291669e-17
7731.561005592353	4.0829397e-17
7737.074668884284	3.9476225e-17
7742.588332176215	4.0062782e-17
7748.101995468146	4.042337e-17
7753.615658760077	4.2467343e-17
7759.129322052008	4.384386e-17
7764.6429853439395	4.071846e-17
7770.156648635871	3.7483137e-17
7775.670311927802	3.6885165e-17
7781.183975219733	4.107001e-17
7786.697638511664	4.6379534e-17
7792.211301803595	3.9767677e-17
7797.724965095526	4.128897e-17
7803.2386283874575	3.7227323e-17
7808.752291679389	3.1782033e-17
7814.26595497132	3.29206e-17
7819.779618263251	3.7858786e-17
7825.293281555182	3.7148403e-17
7830.806944847113	3.548932e-17
7836.320608139044	3.442361e-17
7841.834271430976	3.855424e-17
7847.347934722907	3.571084e-17
7852.861598014838	3.6716724e-17
7858.375261306769	4.011823e-17
7863.8889245987	3.934229e-17
7869.402587890631	3.9786276e-17
7874.9162511825625	3.397355e-17
7880.429914474494	3.554641e-17
7885.943577766425	3.4503318e-17
7891.457241058356	3.373959e-17
7896.970904350287	3.530568e-17
7902.484567642218	3.5538766e-17
7907.998230934149	3.12608e-17
7913.511894226081	2.9308554e-17
7919.025557518012	3.2376415e-17
7924.539220809943	3.3049714e-17
7930.052884101874	3.415183e-17
7935.566547393805	3.3751305e-17
7941.080210685736	3.527651e-17
7946.5938739776675	3.102886e-17
7952.107537269599	3.6602133e-17
7957.62120056153	3.7925827e-17
7963.134863853461	3.6186184e-17
7968.648527145392	3.577217e-17
7974.162190437323	3.725141e-17
7979.675853729254	3.3362464e-17
7985.189517021186	4.01354e-17
7990.703180313117	3.702305e-17
7996.216843605048	3.6340748e-17
8001.730506896979	3.8620818e-17
8007.24417018891	3.9617895e-17
8012.757833480841	3.8300583e-17
8018.2714967727725	3.6930957e-17
8023.785160064704	3.882851e-17
8029.298823356635	4.0236987e-17
8034.812486648566	4.0178088e-17
8040.326149940497	3.9595743e-17
8045.839813232428	4.0868585e-17
8051.353476524359	4.1606824e-17
8056.867139816291	3.99673e-17
8062.380803108222	3.8572183e-17
8067.894466400153	4.0469358e-17
8073.408129692084	4.197098e-17
8078.921792984015	4.299176e-17
8084.435456275946	4.1579332e-17
8089.9491195678775	4.0280986e-17
8095.462782859809	4.027075e-17
8100.97644615174	4.171501e-17
8106.490109443671	4.11302e-17
8112.003772735602	3.9482697e-17
8117.517436027533	3.974044e-17
8123.031099319464	3.9037072e-17
8128.5447626113955	4.2100634e-17
8134.058425903327	3.761346e-17
8139.572089195258	3.6694764e-17
8145.085752487189	4.0467826e-17
8150.59941577912	3.9983376e-17
8156.113079071051	4.0895178e-17
8161.626742362982	4.144564e-17
8167.140405654914	3.791822e-17
8172.654068946845	3.522652e-17
8178.167732238776	3.8365428e-17
8183.681395530707	3.8858483e-17
8189.195058822638	3.7899404e-17
8194.70872211457	3.8593925e-17
8200.222385406501	3.7611403e-17
8205.736048698433	3.6622952e-17
8211.249711990364	3.8306086e-17
8216.763375282295	4.372287e-17
8222.277038574226	4.4142467e-17
8227.790701866157	3.9121457e-17
8233.304365158088	3.3985324e-17
8238.81802845002	3.2405287e-17
8244.33169174195	3.978757e-17
8249.845355033882	4.0106047e-17
8255.359018325813	3.7620138e-17
8260.872681617744	3.69792e-17
8266.386344909675	3.5932858e-17
8271.900008201606	3.682309e-17
8277.413671493538	3.183598e-17
8282.927334785469	3.3295747e-17
8288.4409980774	3.600726e-17
8293.954661369331	3.4405658e-17
8299.468324661262	3.6470168e-17
8304.981987953193	3.6752793e-17
8310.495651245124	3.2220124e-17
8316.009314537056	3.3317124e-17
8321.522977828987	3.6708327e-17
8327.036641120918	3.7524823e-17
8332.550304412849	3.436336e-17
8338.06396770478	2.6831802e-17
8343.577630996711	3.169569e-17
8349.091294288643	3.917588e-17
8354.604957580574	3.6499874e-17
8360.118620872505	3.5640274e-17
8365.632284164436	3.7727278e-17
8371.145947456367	3.7063925e-17
8376.659610748298	3.233412e-17
8382.17327404023	3.2874457e-17
8387.68693733216	2.7573464e-17
8393.200600624092	3.6559444e-17
8398.714263916023	4.1427296e-17
8404.227927207954	3.7084773e-17
8409.741590499885	3.7455208e-17
8415.255253791816	3.4976406e-17
8420.768917083748	2.7516247e-17
8426.282580375679	3.5629475e-17
8431.79624366761	3.3218687e-17
8437.309906959541	3.2927867e-17
8442.823570251472	3.55982e-17
8448.337233543403	3.4976426e-17
8453.850896835334	3.096128e-17
8459.364560127266	2.79711e-17
8464.878223419197	3.1709906e-17
8470.391886711128	3.5819568e-17
8475.905550003059	3.314226e-17
8481.41921329499	3.3057337e-17
8486.932876586921	3.498484e-17
8492.446539878852	3.069817e-17
8497.960203170784	3.1131336e-17
8503.473866462715	3.4908974e-17
8508.987529754646	3.3868748e-17
8514.501193046577	3.775717e-17
8520.014856338508	3.6571114e-17
8525.52851963044	3.5367216e-17
8531.04218292237	3.4043363e-17
8536.555846214302	3.4536445e-17
8542.069509506233	3.5929632e-17
8547.583172798164	4.1626352e-17
8553.096836090095	3.7157787e-17
8558.610499382026	3.8551672e-17
8564.124162673957	3.590094e-17
8569.637825965889	3.5505176e-17
8575.15148925782	3.3628465e-17
8580.665152549751	3.675869e-17
8586.178815841682	4.0573676e-17
8591.692479133613	3.691703e-17
8597.206142425544	3.8304564e-17
8602.719805717476	3.6160594e-17
8608.233469009407	3.217978e-17
8613.747132301338	3.3608312e-17
8619.260795593269	3.279543e-17
8624.7744588852	3.6020787e-17
8630.288122177131	3.3913862e-17
8635.801785469062	2.8716875e-17
8641.315448760994	3.239388e-17
8646.829112052925	3.3179386e-17
8652.342775344856	3.217032e-17
8657.856438636787	3.4635707e-17
8663.370101928718	3.3785825e-17
8668.88376522065	3.5054336e-17
8674.39742851258	2.9853845e-17
8679.911091804512	3.2891295e-17
8685.424755096443	2.987947e-17
8690.938418388374	3.2566233e-17
8696.452081680305	3.2651678e-17
8701.965744972236	3.557783e-17
8707.479408264167	3.335566e-17
8712.993071556099	3.388176e-17
8718.50673484803	3.468139e-17
8724.02039813996	3.2521026e-17
8729.534061431892	3.2107896e-17
8735.047724723823	3.2512602e-17
8740.561388015754	3.8628683e-17
8746.075051307685	3.6901913e-17
8751.588714599617	3.3094236e-17
8757.102377891548	3.5097184e-17
8762.616041183479	2.7527067e-17
8768.12970447541	2.9432082e-17
8773.643367767341	3.8911175e-17
8779.157031059272	4.4796902e-17
8784.670694351204	4.2679502e-17
8790.184357643135	3.7160622e-17
8795.698020935066	3.5567545e-17
8801.211684226997	3.334097e-17
8806.725347518928	3.3780504e-17
8812.23901081086	4.0690447e-17
8817.75267410279	4.5092504e-17
8823.266337394722	3.86461e-17
8828.780000686653	3.9390705e-17
8834.293663978584	3.3437803e-17
8839.807327270515	2.9892213e-17
8845.320990562446	4.0045345e-17
8850.834653854377	4.6211643e-17
8856.348317146309	4.5752974e-17
8861.86198043824	3.692832e-17
8867.37564373017	3.8497505e-17
8872.889307022102	3.535063e-17
8878.402970314033	3.7640897e-17
8883.916633605964	4.474016e-17
8889.430296897895	4.7021075e-17
8894.943960189827	4.1526846e-17
8900.457623481758	4.5503685e-17
8905.971286773689	4.3634237e-17
8911.48495006562	3.9760342e-17
8916.998613357551	4.0272115e-17
8922.512276649482	3.9495866e-17
8928.025939941414	4.6893888e-17
8933.539603233345	4.4110793e-17
8939.053266525276	4.0710283e-17
8944.566929817207	3.807058e-17
8950.080593109138	3.8393227e-17
8955.59425640107	4.842588e-17
8961.107919693	4.497057e-17
8966.621582984932	3.748566e-17
8972.135246276863	3.9664065e-17
8977.648909568794	3.8783064e-17
8983.162572860725	3.8789285e-17
8988.676236152656	4.00472e-17
8994.189899444587	4.2809952e-17
8999.703562736519	4.3178993e-17
9005.21722602845	3.4645203e-17
9010.73088932038	3.5147248e-17
9016.244552612312	4.112999e-17
9021.758215904243	4.3377775e-17
9027.271879196174	3.823902e-17
9032.785542488105	3.745003e-17
9038.299205780037	3.8601882e-17
9043.812869071968	3.8731683e-17
9049.326532363899	3.581489e-17
9054.84019565583	4.4473766e-17
9060.353858947761	3.9774477e-17
9065.867522239692	3.8936195e-17
9071.381185531623	3.3301137e-17
9076.894848823555	3.1840872e-17
9082.408512115486	3.745152e-17
9087.922175407417	3.790356e-17
9093.435838699348	4.1181703e-17
9098.94950199128	3.1696145e-17
9104.46316528321	3.6207075e-17
9109.976828575142	3.1902907e-17
9115.490491867073	3.520439e-17
9121.004155159004	3.79228e-17
9126.517818450935	2.978574e-17
9132.031481742866	2.8796364e-17
9137.545145034797	3.4199984e-17
9143.058808326728	3.3314444e-17
9148.57247161866	3.5344028e-17
9154.08613491059	3.645824e-17
9159.599798202522	2.786088e-17
9165.113461494453	2.803612e-17
9170.627124786384	3.1245745e-17
9176.140788078315	3.096225e-17
9181.654451370247	3.1561007e-17
9187.168114662178	2.8958402e-17
9192.681777954109	2.5632034e-17
9198.19544124604	2.639265e-17
9203.709104537971	2.9960876e-17
9209.222767829902	3.767893e-17
9214.736431121833	3.155347e-17
9220.250094413765	2.6033582e-17
9225.763757705696	3.248494e-17
