4800.000000000002	3.205525e-16
4803.510140419008	5.621841e-16
4807.0202808380145	1.1877955e-16
4810.530421257021	1.5686149e-16
4814.040561676027	4.851467e-16
4817.550702095034	7.040326e-16
4821.06084251404	4.755654e-16
4824.570982933046	4.7451876e-16
4828.081123352053	3.728752e-16
4831.591263771059	-1.6859914e-16
4835.101404190065	2.0446093e-16
4838.611544609072	3.572947e-16
4842.121685028078	2.577477e-16
4845.631825447084	1.0547346e-16
4849.141965866091	-1.6827158e-17
4852.652106285097	8.660722e-17
4856.162246704103	1.0973964e-16
4859.67238712311	-1.2913297e-16
4863.182527542116	6.8183055e-17
4866.692667961122	2.6260483e-16
4870.202808380129	2.1985074e-16
4873.712948799135	5.421166e-16
4877.2230892181415	3.5059414e-16
4880.733229637148	-1.417312e-16
4884.243370056154	-2.5326783e-16
4887.7535104751605	2.0191487e-16
4891.263650894167	3.0145733e-16
4894.773791313173	-2.1907629e-17
4898.28393173218	-6.217836e-17
4901.794072151186	4.883115e-17
4905.304212570192	-1.2192896e-16
4908.814352989199	-1.5320049e-16
4912.324493408205	1.8854814e-16
4915.834633827211	1.2547777e-16
4919.344774246218	1.7755822e-16
4922.854914665224	-1.2396445e-16
4926.36505508423	-3.9594428e-16
4929.875195503237	-1.7835888e-16
4933.385335922243	1.5417029e-16
4936.895476341249	1.3991352e-16
4940.405616760256	5.859748e-17
4943.915757179262	-7.0939125e-18
4947.425897598268	4.6603538e-17
4950.936038017275	2.1256678e-16
4954.446178436281	1.0765633e-16
4957.9563188552875	1.119665e-16
4961.466459274294	2.5926014e-16
4964.9765996933	1.4049483e-16
4968.4867401123065	1.348286e-16
4971.996880531313	4.7359126e-16
4975.507020950319	3.8118653e-16
4979.017161369326	1.0080184e-16
4982.527301788332	1.5938853e-16
4986.037442207338	2.1889683e-16
4989.547582626345	-3.010009e-17
4993.057723045351	2.4369442e-17
4996.567863464358	1.3621571e-16
5000.0780038833645	9.454619e-17
5003.588144302371	1.561576e-16
5007.098284721377	-7.710865e-17
5010.608425140384	-2.3827116e-16
5014.11856555939	-1.0048923e-17
5017.628705978396	3.3006026e-16
5021.138846397403	2.3485796e-16
5024.648986816409	-6.5466114e-18
5028.159127235415	2.0970421e-16
5031.669267654422	8.2621447e-17
5035.179408073428	-1.5723123e-16
5038.689548492434	2.9976923e-17
5042.199688911441	1.9945864e-16
5045.709829330447	1.38630905e-17
5049.219969749453	-6.217027e-17
5052.73011016846	-3.9467874e-17
5056.240250587466	-2.8397703e-17
5059.7503910064725	1.276828e-16
5063.260531425479	1.3858237e-16
5066.770671844485	2.6469235e-17
5070.2808122634915	2.0624366e-17
5073.790952682498	-1.2548319e-16
5077.301093101504	1.1315076e-16
5080.8112335205105	1.752796e-16
5084.321373939517	1.2943593e-16
5087.831514358523	3.2545137e-17
5091.34165477753	-4.1231946e-17
5094.851795196536	1.4693761e-18
5098.361935615542	7.1506554e-17
5101.872076034549	9.4266065e-17
5105.382216453555	9.0734024e-17
5108.892356872561	-1.8368273e-17
5112.402497291568	-9.671394e-17
5115.912637710574	1.6915003e-16
5119.42277812958	1.5558181e-16
5122.932918548587	1.196891e-16
5126.443058967593	1.4367165e-16
5129.953199386599	1.4978064e-16
5133.463339805606	-2.524773e-18
5136.973480224612	7.1917796e-17
5140.483620643618	1.7851233e-16
5143.993761062625	1.3678735e-16
5147.503901481631	8.8771025e-17
5151.0140419006375	9.136277e-17
5154.524182319644	1.01781014e-16
5158.03432273865	4.0924923e-17
5161.5444631576565	1.4999384e-16
5165.054603576663	2.545582e-16
5168.564743995669	2.7855557e-16
5172.074884414676	1.2430306e-16
5175.585024833682	9.697244e-17
5179.095165252688	1.2695658e-16
5182.605305671695	7.096527e-17
5186.115446090701	1.6166717e-16
5189.625586509707	2.9617852e-16
5193.135726928714	1.7240673e-16
5196.64586734772	-8.2803506e-17
5200.156007766726	9.3345724e-17
5203.666148185733	9.66622e-17
5207.176288604739	2.4873917e-16
5210.686429023745	3.4456374e-16
5214.196569442752	3.2877107e-16
5217.706709861758	-1.1883619e-18
5221.216850280764	4.8180574e-17
5224.726990699771	2.1878125e-16
5228.237131118777	9.450118e-17
5231.7472715377835	7.558559e-17
5235.25741195679	2.872823e-17
5238.767552375796	1.4490457e-16
5242.2776927948025	1.6837052e-16
5245.787833213809	2.2561241e-16
5249.297973632815	2.9981732e-16
5252.808114051822	1.2199171e-16
5256.318254470828	1.6199121e-17
5259.828394889834	4.310997e-17
5263.338535308841	3.0601024e-16
5266.848675727847	2.5259375e-16
5270.358816146853	1.4398583e-16
5273.86895656586	2.3043502e-16
5277.379096984866	3.4358232e-16
5280.889237403872	4.420413e-16
5284.399377822879	9.142295e-17
5287.909518241885	-1.9066573e-16
5291.419658660891	7.903609e-17
5294.929799079898	2.9988122e-16
5298.439939498904	1.4313249e-16
5301.95007991791	7.1780464e-17
5305.460220336917	1.2201425e-16
5308.970360755923	4.0592145e-17
5312.4805011749295	1.0129735e-16
5315.990641593936	1.752541e-16
5319.500782012942	1.3240577e-16
5323.0109224319485	2.3186661e-16
5326.521062850955	3.588226e-16
5330.031203269961	3.9658964e-16
5333.541343688968	2.5460294e-16
5337.051484107974	9.913752e-17
5340.56162452698	1.783485e-16
5344.071764945987	2.6356245e-16
5347.581905364993	1.4856853e-16
5351.092045783999	2.5073586e-16
5354.602186203006	2.8651898e-16
5358.112326622012	2.1764681e-16
5361.622467041018	2.5103698e-16
5365.132607460025	1.1785037e-16
5368.642747879031	9.30928e-17
5372.152888298037	2.1828236e-16
5375.663028717044	2.139185e-16
5379.17316913605	4.2680478e-17
5382.683309555056	1.3527544e-16
5386.193449974063	1.3857761e-16
5389.703590393069	9.783231e-17
5393.2137308120755	9.230737e-17
5396.723871231082	2.0313395e-16
5400.234011650088	3.7143268e-16
5403.7441520690945	3.6340064e-16
5407.254292488101	2.2052118e-16
5410.764432907107	3.8610405e-17
5414.274573326114	-1.2714413e-16
5417.78471374512	-5.1004473e-17
5421.294854164126	2.8601566e-17
5424.804994583133	2.49767e-16
5428.315135002139	1.788551e-16
5431.825275421145	5.5063074e-17
5435.335415840152	1.157814e-16
5438.845556259158	1.9740193e-16
5442.355696678164	2.5141402e-16
5445.865837097171	3.900355e-16
5449.375977516177	2.654581e-16
5452.886117935183	1.4182941e-16
5456.39625835419	1.6443095e-16
5459.906398773196	2.3433214e-17
5463.416539192202	2.5840357e-16
5466.926679611209	2.552013e-16
5470.436820030215	4.4377522e-17
5473.9469604492215	4.3691786e-17
5477.457100868228	2.331954e-16
5480.967241287234	3.796237e-16
5484.4773817062405	3.5744078e-16
5487.987522125247	2.014686e-16
5491.497662544253	1.0330614e-16
5495.00780296326	1.1638403e-16
5498.517943382266	5.415333e-17
5502.028083801272	1.3712522e-16
5505.538224220279	2.241399e-16
5509.048364639285	2.677913e-16
5512.558505058291	5.0532368e-17
5516.068645477298	9.2159296e-17
5519.578785896304	4.122457e-16
5523.08892631531	2.9184173e-16
5526.599066734317	9.72504e-17
5530.109207153323	1.5806246e-16
5533.619347572329	9.207211e-17
5537.129487991336	2.071074e-16
5540.639628410342	8.091427e-17
5544.149768829348	-6.240083e-17
5547.659909248355	1.2304276e-16
5551.170049667361	2.7257274e-16
5554.6801900863675	2.784503e-16
5558.190330505374	2.586693e-16
5561.70047092438	1.845408e-16
5565.2106113433865	3.3607234e-16
5568.720751762393	2.4046193e-16
5572.230892181399	9.83083e-17
5575.741032600406	-5.615618e-18
5579.251173019412	3.618129e-17
5582.761313438418	1.2340329e-16
5586.271453857425	2.0081902e-16
5589.781594276431	2.0541726e-16
5593.291734695437	2.7015933e-16
5596.801875114444	1.3727519e-16
5600.31201553345	7.909491e-17
5603.822155952456	2.4721705e-16
5607.332296371463	2.0809335e-16
5610.842436790469	3.1779623e-16
5614.352577209475	2.8251757e-16
5617.862717628482	1.9315494e-16
5621.372858047488	3.1896344e-16
5624.882998466494	2.8724266e-16
5628.393138885501	1.6182776e-16
5631.903279304507	1.8718864e-16
5635.4134197235135	2.0228331e-16
5638.92356014252	3.3904555e-17
5642.433700561526	5.2978784e-17
5645.9438409805325	3.4854514e-16
5649.453981399539	2.4552918e-16
5652.964121818545	1.3308067e-16
5656.474262237552	6.60041e-17
5659.984402656558	-5.864672e-17
5663.494543075564	8.8692595e-17
5667.004683494571	2.1242988e-16
5670.514823913577	3.2958491e-16
5674.024964332583	1.8816281e-16
5677.53510475159	7.1778445e-17
5681.045245170596	2.915926e-16
5684.555385589602	3.198045e-16
5688.065526008609	2.9663737e-16
5691.575666427615	2.2388256e-16
5695.085806846621	1.6555709e-16
5698.595947265628	3.2275574e-16
5702.106087684634	3.2211922e-16
5705.61622810364	1.2729411e-16
5709.126368522647	9.389419e-17
5712.636508941653	5.3935597e-17
5716.1466493606595	4.9763887e-17
5719.656789779666	1.7814196e-16
5723.166930198672	1.8357005e-16
5726.6770706176785	1.6266629e-16
5730.187211036685	2.2806693e-16
5733.697351455691	2.4515593e-16
5737.207491874698	2.4953323e-16
5740.717632293704	1.2213912e-16
5744.22777271271	3.9518286e-17
5747.737913131717	1.8160955e-16
5751.248053550723	3.593863e-16
5754.758193969729	3.594846e-16
5758.268334388736	3.7353113e-16
5761.778474807742	3.1554127e-16
5765.288615226748	2.7224105e-16
5768.798755645755	1.1519591e-16
5772.308896064761	7.6004855e-17
5775.819036483767	1.6809344e-16
5779.329176902774	2.459995e-16
5782.83931732178	2.307174e-16
5786.349457740786	1.4899958e-16
5789.859598159793	1.6615488e-16
5793.369738578799	2.4516826e-16
5796.8798789978055	1.7580138e-16
5800.390019416812	-5.1311942e-17
5803.900159835818	9.958225e-17
5807.4103002548245	3.510287e-16
5810.920440673831	3.080517e-16
5814.430581092837	1.8890104e-16
5817.940721511844	2.1115948e-16
5821.45086193085	1.2284844e-16
5824.961002349856	2.26564e-16
5828.471142768863	2.2576628e-16
5831.981283187869	1.2899849e-16
5835.491423606875	4.748812e-17
5839.001564025882	1.2964903e-16
5842.511704444888	1.9614926e-16
5846.021844863894	2.1634615e-16
5849.531985282901	2.1909092e-16
5853.042125701907	1.9502538e-16
5856.552266120913	2.0219369e-16
5860.06240653992	2.1539418e-16
5863.572546958926	3.431504e-16
5867.082687377932	4.1957888e-16
5870.592827796939	2.2566072e-16
5874.102968215945	2.9922556e-16
5877.6131086349515	4.104996e-16
5881.123249053958	2.7180138e-16
5884.633389472964	1.4421497e-16
5888.1435298919705	-1.8558507e-17
5891.653670310977	5.6332614e-17
5895.163810729983	1.3704844e-16
5898.6739511489895	3.135315e-16
5902.184091567996	2.2479352e-16
5905.694231987002	1.8009399e-16
5909.204372406009	2.734674e-16
5912.714512825015	2.426144e-16
5916.224653244021	1.9846134e-16
5919.734793663028	1.2543511e-16
5923.244934082034	1.3885451e-16
5926.75507450104	1.5575795e-16
5930.265214920047	1.3761202e-16
5933.775355339053	-5.5010303e-17
5937.285495758059	-1.5344018e-17
5940.795636177066	1.02930464e-16
5944.305776596072	6.422983e-17
5947.815917015078	1.3507444e-16
5951.326057434085	1.2072754e-16
5954.836197853091	3.2624817e-17
5958.3463382720975	2.7412779e-17
5961.856478691104	2.2453922e-17
5965.36661911011	1.08572663e-16
5968.8767595291165	8.657705e-18
5972.386899948123	8.539769e-17
5975.897040367129	2.17589e-16
5979.4071807861355	1.835735e-16
5982.917321205142	1.8251851e-16
5986.427461624148	2.4258582e-16
5989.937602043155	2.6824824e-16
5993.447742462161	1.4313954e-16
5996.957882881167	-3.6553217e-17
6000.468023300174	4.644208e-17
6003.97816371918	1.121951e-16
6007.488304138186	2.391208e-16
6010.998444557193	2.4601315e-16
6014.508584976199	1.5865966e-16
6018.018725395205	1.1386573e-16
6021.528865814212	-4.8215986e-18
6025.039006233218	3.8419376e-17
6028.549146652224	1.3588387e-16
6032.059287071231	1.3549273e-16
6035.569427490237	5.655495e-17
6039.079567909243	8.10422e-17
6042.58970832825	7.530341e-17
6046.099848747256	2.4113905e-17
6049.6099891662625	1.7806777e-16
6053.120129585269	2.4686545e-16
6056.630270004275	2.5299752e-16
6060.1404104232815	7.831464e-17
6063.650550842288	7.05071e-17
6067.160691261294	8.676598e-17
6070.670831680301	7.771191e-17
6074.180972099307	5.1827237e-18
6077.691112518313	2.2404101e-17
6081.20125293732	2.255278e-16
6084.711393356326	2.412052e-16
6088.221533775332	1.9871781e-16
6091.731674194339	1.9488428e-16
6095.241814613345	1.8363924e-16
6098.751955032351	2.3593457e-16
6102.262095451358	2.1758606e-16
6105.772235870364	1.582823e-16
6109.28237628937	1.7787934e-16
6112.792516708377	1.9379759e-16
6116.302657127383	1.9990082e-16
6119.812797546389	1.4076025e-16
6123.322937965396	2.4921657e-16
6126.833078384402	3.081088e-16
6130.3432188034085	2.0486891e-16
6133.853359222415	1.6012537e-16
6137.363499641421	2.3346377e-16
6140.8736400604275	2.4349818e-16
6144.383780479434	1.8793706e-16
6147.89392089844	9.720036e-17
6151.404061317447	1.1035581e-16
6154.914201736453	1.3169646e-16
6158.424342155459	1.62722e-16
6161.934482574466	1.983749e-16
6165.444622993472	1.0089926e-16
6168.954763412478	1.1187571e-16
6172.464903831485	2.5917824e-16
6175.975044250491	2.6320757e-16
6179.485184669497	2.1358387e-16
6182.995325088504	1.807668e-16
6186.50546550751	1.4204673e-17
6190.015605926516	1.1916185e-16
6193.525746345523	1.1519561e-16
6197.035886764529	3.119011e-17
6200.546027183535	1.3034226e-16
6204.056167602542	7.0839774e-17
6207.566308021548	1.7072862e-16
6211.0764484405545	2.1033788e-16
6214.586588859561	1.1175156e-16
6218.096729278567	1.0971005e-16
6221.6068696975735	2.0600981e-16
6225.11701011658	2.278481e-16
6228.627150535586	7.1314364e-17
6232.137290954593	1.1374894e-16
6235.647431373599	2.867087e-16
6239.157571792605	2.9346105e-16
6242.667712211612	2.3806539e-16
6246.177852630618	1.3343579e-16
6249.687993049624	5.483407e-17
6253.198133468631	6.3094703e-17
6256.708273887637	2.2534306e-16
6260.218414306643	2.727908e-16
6263.72855472565	7.35786e-17
6267.238695144656	1.2160346e-16
6270.748835563662	3.127719e-16
6274.258975982669	1.9124268e-16
6277.769116401675	1.605627e-16
6281.279256820681	5.820049e-17
6284.789397239688	5.8189986e-17
6288.299537658694	3.6543642e-17
6291.8096780777005	6.289237e-17
6295.319818496707	9.538006e-17
6298.829958915713	8.297284e-17
6302.3400993347195	1.1431418e-17
6305.850239753726	-5.6727596e-18
6309.360380172733	4.755664e-17
6312.8705205917395	9.228537e-17
6316.380661010746	2.8077393e-16
6319.890801429752	3.6410005e-16
6323.4009418487585	2.1981536e-16
6326.911082267765	1.5992065e-16
6330.421222686771	3.8939653e-16
6333.931363105778	2.864283e-16
6337.441503524784	9.8942726e-17
6340.95164394379	1.6385748e-16
6344.461784362797	2.4402725e-16
6347.971924781803	2.1736428e-16
6351.482065200809	9.418476e-17
6354.992205619816	1.8508336e-16
6358.502346038822	2.1586346e-16
6362.012486457828	1.350451e-16
6365.522626876835	1.6192231e-16
6369.032767295841	1.5206802e-16
6372.542907714847	3.40777e-17
6376.053048133854	1.217457e-16
6379.56318855286	3.0974285e-16
6383.073328971866	2.2927374e-16
6386.583469390873	8.568096e-17
6390.093609809879	9.4395575e-17
6393.6037502288855	2.0890306e-16
6397.113890647892	1.878406e-16
6400.624031066898	7.8885985e-17
6404.1341714859045	2.2590645e-17
6407.644311904911	-7.1274626e-17
6411.154452323917	1.4497727e-17
6414.664592742924	8.772122e-17
6418.17473316193	5.5404637e-17
6421.684873580936	6.8396984e-17
6425.195013999943	1.1177624e-16
6428.705154418949	1.4555065e-16
6432.215294837955	1.606939e-16
6435.725435256962	1.2956755e-16
6439.235575675968	2.7352915e-16
6442.745716094974	2.327373e-16
6446.255856513981	1.9226281e-16
6449.765996932987	1.1907478e-16
6453.276137351993	7.861123e-17
6456.786277771	2.5858587e-16
6460.296418190006	2.4971212e-16
6463.806558609012	2.0892694e-16
6467.316699028019	2.1246379e-16
6470.826839447025	1.4305354e-16
6474.3369798660315	1.7198109e-16
6477.847120285038	2.2196706e-16
6481.357260704044	9.3264727e-17
6484.8674011230505	9.6867283e-17
6488.377541542057	1.9806595e-16
6491.887681961063	7.9799656e-17
6495.39782238007	2.2940671e-17
6498.907962799076	3.2373553e-17
6502.418103218082	1.4321943e-16
6505.928243637089	1.5139196e-16
6509.438384056095	2.3974495e-16
6512.948524475101	1.9952344e-16
6516.458664894108	2.2210943e-16
6519.968805313114	2.8613104e-16
6523.47894573212	2.3935912e-16
6526.989086151127	1.0346538e-16
6530.499226570133	1.3492146e-16
6534.009366989139	3.2676308e-16
6537.519507408146	3.579582e-16
6541.029647827152	1.6686677e-16
6544.539788246158	6.74041e-17
6548.049928665165	4.4932064e-17
6551.560069084171	7.111717e-17
6555.0702095031775	2.8081654e-16
6558.580349922184	3.4038792e-16
6562.09049034119	4.443598e-16
6565.6006307601965	4.545001e-16
6569.110771179203	3.1585597e-16
6572.620911598209	1.8215409e-16
6576.131052017216	2.7066202e-16
6579.641192436222	3.069265e-16
6583.151332855228	2.5553833e-16
6586.661473274235	1.2245812e-16
6590.171613693241	1.7093583e-16
6593.681754112247	2.496644e-16
6597.191894531254	2.0585282e-16
6600.70203495026	3.2634075e-16
6604.212175369266	2.7294647e-16
6607.722315788273	2.0826757e-16
6611.232456207279	2.4522342e-16
6614.742596626285	1.8731997e-16
6618.252737045292	1.9323525e-16
6621.762877464298	2.8946822e-16
6625.273017883304	1.8535417e-16
6628.783158302311	1.6826806e-16
6632.293298721317	2.557473e-16
6635.8034391403235	3.8988715e-16
6639.31357955933	3.8307504e-16
6642.823719978336	2.373651e-16
6646.3338603973425	1.2793649e-16
6649.844000816349	2.6752286e-16
6653.354141235355	4.215043e-16
6656.864281654362	3.8258255e-16
6660.374422073368	2.5516002e-16
6663.884562492374	3.2984654e-16
6667.394702911381	3.0104467e-16
6670.904843330387	2.3881752e-16
6674.414983749393	2.1298872e-16
6677.9251241684	3.013976e-16
6681.435264587406	3.4898597e-16
6684.945405006412	2.9826942e-16
6688.455545425419	3.1422252e-16
6691.965685844425	4.364395e-16
6695.475826263431	3.1349123e-16
6698.985966682438	3.2763136e-16
6702.496107101444	2.9241631e-16
6706.00624752045	2.454401e-16
6709.516387939457	2.3233426e-16
6713.026528358463	1.7564127e-16
6716.5366687774695	1.7457676e-16
6720.046809196476	1.8713697e-16
6723.556949615482	2.593371e-16
6727.0670900344885	3.943697e-16
6730.577230453495	4.0036905e-16
6734.087370872501	3.017935e-16
6737.5975112915075	2.637642e-16
6741.107651710514	1.8512407e-16
6744.61779212952	2.4090504e-16
6748.127932548527	3.2711928e-16
6751.638072967533	2.4842203e-16
6755.148213386539	2.3799103e-16
6758.658353805546	2.2323315e-16
6762.168494224552	3.1696198e-16
6765.678634643558	2.927836e-16
6769.188775062565	2.699834e-16
6772.698915481571	3.7063292e-16
6776.209055900577	3.7345346e-16
6779.719196319584	3.6506405e-16
6783.22933673859	2.1416323e-16
6786.739477157596	3.2021999e-16
6790.249617576603	3.3705376e-16
6793.759757995609	2.9546915e-16
6797.269898414615	3.9989312e-16
6800.780038833622	4.0046932e-16
6804.290179252628	2.1662526e-16
6807.8003196716345	1.893884e-16
6811.310460090641	3.0994055e-16
6814.820600509647	2.7246652e-16
6818.3307409286535	2.0255811e-16
6821.84088134766	2.3973963e-16
6825.351021766666	3.3052062e-16
6828.861162185673	3.576644e-16
6832.371302604679	2.7249555e-16
6835.881443023685	4.0450162e-16
6839.391583442692	4.6104496e-16
6842.901723861698	4.3532933e-16
6846.411864280704	4.7068054e-16
6849.922004699711	4.881009e-16
6853.432145118717	3.658556e-16
6856.942285537723	3.162957e-16
6860.45242595673	2.6246724e-16
6863.962566375736	1.8294775e-16
6867.472706794742	2.4455713e-16
6870.982847213749	2.6658652e-16
6874.492987632755	1.7447776e-16
6878.003128051761	2.2014867e-16
6881.513268470768	2.1635082e-16
6885.023408889774	2.349108e-16
6888.5335493087805	1.6259903e-16
6892.043689727787	1.8001194e-16
6895.553830146793	2.2282017e-16
6899.0639705657995	1.4817714e-16
6902.574110984806	4.3364983e-17
6906.084251403812	-5.554069e-17
6909.594391822819	2.356596e-16
6913.104532241825	4.279745e-16
6916.614672660831	3.340562e-16
6920.124813079838	3.42698e-16
6923.634953498844	2.2263605e-16
6927.14509391785	1.8528298e-16
6930.655234336857	2.0387129e-16
6934.165374755863	2.8193174e-16
6937.675515174869	2.290156e-16
6941.185655593876	2.0335834e-16
6944.695796012882	1.1362463e-16
6948.205936431888	1.8351944e-16
6951.716076850895	2.533878e-16
6955.226217269901	2.8482682e-16
6958.736357688907	3.0971032e-16
6962.246498107914	2.9202128e-16
6965.75663852692	2.315332e-16
6969.2667789459265	9.472914e-17
6972.776919364933	2.2248909e-16
6976.287059783939	2.8344181e-16
6979.7972002029455	1.6669632e-16
6983.307340621952	8.256301e-17
6986.817481040958	3.7734914e-17
6990.327621459965	1.08366464e-16
6993.837761878971	4.4951357e-17
6997.347902297977	-1.2096275e-17
7000.858042716984	8.157393e-17
7004.36818313599	1.0845868e-16
7007.878323554996	1.844984e-16
7011.388463974003	2.4183617e-16
7014.898604393009	6.7351904e-17
7018.408744812015	-8.629364e-17
7021.918885231022	2.2181879e-17
7025.429025650028	1.6107613e-16
7028.939166069034	1.9439229e-16
7032.449306488041	1.9770367e-16
7035.959446907047	1.748434e-16
7039.469587326053	1.2333759e-16
7042.97972774506	1.754399e-16
7046.489868164066	2.2540158e-16
7050.0000085830725	1.8447958e-16
7053.510149002079	1.9759843e-16
7057.020289421085	1.5955443e-16
7060.5304298400915	2.4010097e-16
7064.040570259098	1.8795148e-16
7067.550710678104	5.780078e-17
7071.060851097111	1.9932447e-16
7074.570991516117	2.7790672e-16
7078.081131935123	1.1826884e-16
7081.59127235413	1.1450297e-16
7085.101412773136	1.657926e-16
7088.611553192142	5.2425715e-17
7092.121693611149	4.951851e-17
7095.631834030155	1.01081716e-16
7099.141974449161	1.8351325e-16
7102.652114868168	2.8879925e-16
7106.162255287174	2.220865e-16
7109.67239570618	1.3380036e-16
7113.182536125187	7.9181685e-17
7116.692676544193	1.4501356e-17
7120.202816963199	-6.6853875e-17
7123.712957382206	5.0849902e-17
7127.223097801212	1.2801106e-16
7130.7332382202185	1.1314632e-16
7134.243378639225	1.3030412e-16
7137.753519058231	1.5403873e-16
7141.2636594772375	1.6518172e-16
7144.773799896244	1.2901097e-16
7148.28394031525	9.010403e-18
7151.794080734257	-2.6248741e-19
7155.304221153263	1.4830884e-17
7158.814361572269	1.3271547e-17
7162.324501991276	1.7823291e-16
7165.834642410282	1.5917586e-16
7169.344782829288	7.0831456e-17
7172.854923248295	9.88451e-17
7176.365063667301	7.00564e-17
7179.875204086307	8.412646e-17
7183.385344505314	1.6962827e-16
7186.89548492432	1.0664979e-16
7190.405625343326	8.9697454e-17
7193.915765762333	1.8482299e-16
7197.425906181339	6.804616e-17
7200.936046600345	-3.0236747e-17
7204.446187019352	8.02047e-18
7207.956327438358	1.6399554e-16
7211.4664678573645	1.9955536e-16
7214.976608276371	1.1867965e-16
7218.486748695377	2.1181413e-16
7221.9968891143835	2.614264e-16
7225.50702953339	1.7342801e-16
7229.017169952396	3.0481708e-17
7232.527310371403	1.1987415e-16
7236.037450790409	2.1849157e-16
7239.547591209415	1.2166896e-16
7243.057731628422	1.4945648e-16
7246.567872047428	1.9296996e-16
7250.078012466434	1.9792035e-16
7253.588152885441	2.560736e-16
7257.098293304447	2.9095275e-16
7260.608433723453	1.406006e-16
7264.11857414246	-4.6327584e-17
7267.628714561466	7.6208573e-17
7271.138854980472	2.5859953e-16
7274.648995399479	2.1517881e-16
7278.159135818485	1.4231566e-16
7281.669276237491	7.69215e-17
7285.179416656498	1.5065975e-17
7288.689557075504	7.695671e-18
7292.1996974945105	2.2962162e-17
7295.709837913517	3.562921e-17
7299.219978332523	1.5463534e-16
7302.7301187515295	7.268587e-17
7306.240259170536	-2.4555002e-17
7309.750399589542	1.563459e-16
7313.260540008549	1.5815598e-16
7316.770680427555	7.722999e-17
7320.280820846561	9.7309805e-17
7323.790961265568	9.859779e-17
7327.301101684574	1.9126825e-16
7330.81124210358	2.5655765e-16
7334.321382522587	2.0482293e-16
7337.831522941593	7.100994e-17
7341.341663360599	-2.928577e-17
7344.851803779606	-8.109782e-17
7348.361944198612	-1.736397e-17
7351.872084617618	9.7877575e-17
7355.382225036625	1.9301755e-16
7358.892365455631	1.9239325e-16
7362.402505874637	1.7102016e-16
7365.912646293644	1.9011535e-16
7369.42278671265	1.1924433e-16
7372.9329271316565	1.634743e-16
7376.443067550663	2.0198158e-16
7379.953207969669	1.8419675e-16
7383.4633483886755	1.4587661e-16
7386.973488807682	6.332169e-17
7390.483629226688	1.3794354e-16
7393.993769645695	2.0065193e-16
7397.503910064701	1.4172013e-16
7401.014050483707	5.3661317e-17
7404.524190902714	6.320423e-17
7408.03433132172	4.1669518e-17
7411.544471740726	-6.3790845e-17
7415.054612159733	3.6711293e-18
7418.564752578739	1.5446088e-16
7422.074892997745	1.1930902e-16
7425.585033416752	1.1295923e-16
7429.095173835758	5.277284e-17
7432.605314254764	1.7262052e-16
7436.115454673771	1.5014535e-16
7439.625595092777	1.4342252e-16
7443.135735511783	2.1338122e-16
7446.64587593079	2.3330893e-16
7450.156016349796	1.5878821e-16
7453.6661567688025	1.147772e-16
7457.176297187809	1.823059e-16
7460.686437606815	1.6432263e-16
7464.1965780258215	5.815837e-17
7467.706718444828	1.4619517e-17
7471.216858863834	1.6444123e-16
7474.726999282841	2.0428186e-16
7478.237139701847	1.6049883e-16
7481.747280120853	7.807888e-17
7485.25742053986	9.788217e-17
7488.767560958866	1.2951533e-16
7492.277701377872	3.7051213e-17
7495.787841796879	1.1334247e-16
7499.297982215885	1.7756701e-16
7502.808122634891	6.9356944e-17
7506.318263053898	8.559481e-17
7509.828403472904	1.9593899e-17
7513.33854389191	-1.3524259e-16
7516.848684310917	-1.27965825e-17
7520.358824729923	2.0226202e-16
7523.868965148929	2.1495671e-16
7527.379105567936	2.4076475e-16
7530.889245986942	1.8387881e-16
7534.3993864059485	1.4032273e-16
7537.909526824955	6.6163464e-17
7541.419667243961	-5.3171247e-19
7544.9298076629675	1.00128446e-16
7548.439948081974	2.9979858e-16
7551.95008850098	1.8580193e-16
7555.460228919987	1.6173025e-16
7558.970369338993	9.944321e-17
7562.480509757999	-8.552814e-18
7565.990650177006	2.649678e-17
7569.500790596012	1.4768353e-16
7573.010931015018	1.5705858e-16
7576.521071434025	2.1387914e-16
7580.031211853031	1.5725639e-16
7583.541352272037	4.7105865e-17
7587.051492691044	6.197252e-17
7590.56163311005	3.2715764e-17
7594.071773529056	-9.00366e-18
7597.581913948063	-2.0720542e-17
7601.092054367069	1.6460217e-16
7604.602194786075	3.075636e-16
7608.112335205082	2.231339e-16
7611.622475624088	2.0757401e-16
7615.1326160430945	8.147355e-18
7618.642756462101	2.5510849e-17
7622.152896881107	-6.073353e-17
7625.6630373001135	9.9303785e-18
7629.17317771912	2.7165903e-16
7632.683318138126	3.8313222e-16
7636.1934585571325	2.9156033e-16
7639.703598976139	3.204786e-16
7643.213739395145	2.7162631e-16
7646.723879814152	1.1217919e-16
7650.234020233158	5.154753e-17
7653.744160652164	1.73139e-16
7657.254301071171	1.8915954e-16
7660.764441490177	1.09358915e-16
7664.274581909183	1.2497732e-16
7667.78472232819	2.091835e-17
7671.294862747196	9.267987e-17
7674.805003166202	2.2547178e-16
7678.315143585209	4.84143e-18
7681.825284004215	-2.6688714e-17
7685.335424423221	5.3995786e-17
7688.845564842228	1.029666e-16
7692.355705261234	1.593295e-16
7695.86584568024	1.789501e-16
7699.375986099247	2.7475742e-16
7702.886126518253	2.0870388e-16
7706.3962669372595	1.3228718e-16
7709.906407356266	1.034795e-16
7713.416547775272	4.662501e-17
7716.9266881942785	3.9105562e-17
7720.436828613285	3.4944116e-17
7723.946969032291	2.7548658e-17
7727.457109451298	1.4287066e-16
7730.967249870304	1.6299078e-16
7734.47739028931	8.9583204e-17
7737.987530708317	1.223137e-16
7741.497671127323	2.645462e-16
7745.007811546329	2.9283517e-16
7748.517951965336	2.140875e-16
7752.028092384342	1.1183316e-16
7755.538232803348	2.8653576e-16
7759.048373222355	3.8298526e-16
7762.558513641361	2.1725564e-16
7766.068654060367	2.2343742e-16
7769.578794479374	2.2861266e-16
7773.08893489838	1.3291957e-16
7776.599075317386	1.0100238e-16
7780.109215736393	-4.7363124e-17
7783.619356155399	-5.780522e-17
7787.1294965744055	3.1092806e-17
7790.639636993412	-5.1527884e-18
7794.149777412418	4.8720177e-17
7797.6599178314245	1.2493073e-16
7801.170058250431	7.2593556e-17
7804.680198669437	9.833973e-17
7808.190339088444	-1.0015476e-17
7811.70047950745	-8.874681e-17
7815.210619926456	-1.8952961e-17
7818.720760345463	1.4083915e-16
7822.230900764469	7.1996556e-17
7825.741041183475	5.2412586e-17
7829.251181602482	-1.2194298e-17
7832.761322021488	-6.259219e-17
7836.271462440494	1.2225467e-16
7839.781602859501	8.479826e-17
7843.291743278507	-1.5344874e-17
7846.801883697513	1.0622181e-16
7850.31202411652	2.0320621e-16
7853.822164535526	1.259878e-16
7857.332304954532	-9.160016e-18
7860.842445373539	1.9163338e-16
7864.352585792545	1.6623064e-16
7867.8627262115515	-1.1157824e-17
7871.372866630558	3.7520946e-17
7874.883007049564	3.1495315e-17
7878.3931474685705	1.6390849e-17
7881.903287887577	5.4314257e-17
7885.413428306583	9.0586144e-17
7888.92356872559	1.0810652e-16
7892.433709144596	2.2961713e-16
7895.943849563602	2.4910958e-16
7899.453989982609	1.8872828e-16
7902.964130401615	2.223568e-16
7906.474270820621	6.0042824e-17
7909.984411239628	-6.9431986e-17
7913.494551658634	-1.6412974e-17
7917.00469207764	8.4166163e-17
7920.514832496647	2.4526734e-16
7924.024972915653	2.410499e-16
7927.535113334659	1.8615888e-16
7931.045253753666	2.715629e-16
7934.555394172672	2.5304246e-16
7938.065534591678	2.0637035e-16
7941.575675010685	-2.9558465e-17
7945.085815429691	3.2607566e-17
7948.5959558486975	1.3229747e-16
7952.106096267704	-7.375418e-18
7955.61623668671	5.4125726e-17
7959.1263771057165	1.4528628e-16
7962.636517524723	8.0593504e-17
7966.146657943729	1.468471e-16
7969.656798362736	1.6489618e-16
7973.166938781743	2.2406626e-16
7976.677079200749	6.147842e-17
7980.1872196197555	-9.3646494e-17
7983.697360038762	4.6498913e-17
7987.207500457768	1.6468623e-16
7990.717640876775	2.1620536e-16
7994.227781295781	1.302651e-16
7997.737921714787	6.3144354e-17
8001.248062133794	1.3588402e-16
8004.7582025528	1.938063e-16
8008.268342971806	1.7650414e-16
8011.778483390813	7.6137624e-18
8015.288623809819	2.6554632e-17
8018.798764228825	1.0690625e-16
8022.308904647832	1.2463317e-16
8025.819045066838	-9.440544e-17
8029.329185485844	-7.5275414e-17
8032.839325904851	1.5353546e-16
8036.349466323857	1.4863016e-16
8039.859606742863	1.1557103e-16
8043.36974716187	1.0576341e-16
8046.879887580876	7.20907e-17
8050.3900279998825	1.1860375e-16
8053.900168418889	1.02848104e-16
8057.410308837895	1.429615e-16
8060.9204492569015	2.5644018e-16
8064.430589675908	2.9183197e-16
8067.940730094914	1.4682997e-16
8071.450870513921	9.588318e-17
8074.961010932927	2.2409163e-17
8078.471151351933	7.091309e-17
8081.98129177094	1.7455018e-16
8085.491432189946	9.6731884e-17
8089.001572608952	3.6487787e-17
8092.511713027959	4.4689e-18
8096.021853446965	6.9021876e-17
8099.531993865971	1.1531231e-16
8103.042134284978	1.2215775e-16
8106.552274703984	1.2492426e-16
8110.06241512299	1.1034752e-16
8113.572555541997	7.1095525e-17
8117.082695961003	1.2530782e-16
8120.592836380009	6.2030056e-17
8124.102976799016	2.5587525e-17
8127.613117218022	1.3778529e-16
8131.1232576370285	1.2481189e-16
8134.633398056035	1.7681749e-16
8138.143538475041	2.4315934e-16
8141.6536788940475	1.9159955e-16
8145.163819313054	1.869249e-16
8148.67395973206	2.0549574e-16
8152.184100151067	1.7219803e-16
8155.694240570073	1.1234633e-16
8159.204380989079	5.5060205e-17
8162.714521408086	-2.4898536e-18
8166.224661827092	1.0237164e-16
8169.734802246098	2.751447e-16
8173.244942665105	2.3692885e-16
8176.755083084111	2.002467e-17
8180.265223503117	6.477461e-17
8183.775363922124	1.5542464e-16
8187.28550434113	1.4484455e-16
8190.795644760136	1.1643238e-16
8194.305785179142	1.3463343e-16
8197.815925598148	1.3765589e-16
8201.326066017155	6.3933815e-17
8204.83620643616	1.1066874e-17
8208.346346855167	2.0716913e-16
8211.856487274174	3.5148183e-16
8215.36662769318	3.296066e-16
8218.876768112186	2.4370586e-16
8222.386908531193	2.7448465e-16
8225.897048950199	3.0883647e-16
8229.407189369205	1.5262161e-16
8232.917329788212	1.630156e-16
8236.427470207218	2.6937683e-16
8239.937610626224	2.2482645e-16
8243.44775104523	-6.018361e-17
8246.957891464237	-1.2016936e-16
8250.468031883243	-5.972288e-17
8253.97817230225	7.238197e-17
8257.488312721256	2.9682917e-16
8260.998453140262	3.4031904e-16
8264.508593559269	2.716102e-16
8268.018733978275	2.6230233e-16
8271.528874397281	3.0753037e-16
8275.039014816288	3.64629e-16
8278.549155235294	3.200614e-16
8282.0592956543	2.7496227e-16
8285.569436073307	2.1919204e-16
8289.079576492313	1.5197665e-16
8292.58971691132	2.2172943e-16
8296.099857330326	2.1746453e-16
8299.609997749332	1.5393486e-16
8303.120138168339	2.1460707e-16
8306.630278587345	2.993681e-16
8310.140419006351	1.558827e-16
8313.650559425358	5.758616e-17
8317.160699844364	1.8354178e-16
8320.67084026337	1.8378585e-16
8324.180980682377	1.1819712e-16
8327.691121101383	2.6513891e-16
8331.20126152039	2.3831981e-16
8334.711401939396	1.9940279e-16
8338.221542358402	3.480921e-16
8341.731682777408	2.1785548e-16
8345.241823196415	1.0207691e-16
8348.751963615421	2.1242142e-16
8352.262104034427	2.3901303e-16
8355.772244453434	2.4700637e-16
8359.28238487244	1.2846029e-16
8362.792525291447	9.126593e-17
8366.302665710453	1.6709469e-16
8369.81280612946	1.872416e-16
8373.322946548466	3.5700718e-16
8376.833086967472	2.3989484e-16
8380.343227386478	-1.5393183e-17
8383.853367805485	8.857634e-17
8387.363508224491	2.7319277e-16
8390.873648643497	2.3015505e-16
8394.383789062504	8.556297e-17
8397.89392948151	6.3059644e-17
8401.404069900516	9.4382664e-17
8404.914210319523	7.381041e-17
8408.424350738529	7.766818e-17
8411.934491157535	2.334149e-16
8415.444631576542	2.7340233e-16
8418.954771995548	2.3702846e-16
8422.464912414554	2.4728875e-16
8425.97505283356	2.2877987e-16
8429.485193252567	1.8806725e-16
8432.995333671573	1.5928754e-16
8436.50547409058	1.3382218e-16
8440.015614509586	4.6167458e-17
8443.525754928593	7.938019e-17
8447.035895347599	3.3277847e-16
8450.546035766605	3.5101122e-16
8454.056176185612	1.8873378e-16
8457.566316604618	1.9066959e-16
8461.076457023624	1.7619711e-16
8464.58659744263	1.304303e-16
8468.096737861637	1.7370437e-16
8471.606878280643	1.4298701e-16
8475.11701869965	6.460558e-17
8478.627159118656	1.1462173e-16
8482.137299537662	2.1150258e-16
8485.647439956669	9.4909605e-17
8489.157580375675	1.4774035e-16
8492.667720794681	2.4579512e-16
8496.177861213688	2.1546166e-16
8499.688001632694	9.304044e-17
8503.1981420517	1.778275e-16
8506.708282470707	2.2020404e-16
8510.218422889713	2.8393503e-16
8513.72856330872	3.0719145e-16
8517.238703727726	2.4242276e-16
8520.748844146732	1.6506768e-16
8524.258984565739	1.9605565e-16
8527.769124984745	2.7766944e-16
8531.279265403751	3.6964036e-16
8534.789405822758	1.810815e-16
8538.299546241764	1.3058905e-16
8541.80968666077	1.5177829e-16
8545.319827079777	2.490483e-16
8548.829967498783	2.5086548e-16
8552.34010791779	2.387606e-16
8555.850248336796	2.458045e-16
8559.360388755802	1.6968476e-16
8562.870529174808	2.7590044e-16
8566.380669593815	1.9599726e-16
8569.890810012821	7.3664014e-17
8573.400950431827	3.702761e-16
8576.911090850834	3.6179128e-16
8580.42123126984	1.3870916e-16
8583.931371688846	1.5232622e-16
8587.441512107853	2.6945254e-16
8590.95165252686	1.994071e-16
8594.461792945865	1.8462274e-16
8597.971933364872	2.615096e-16
8601.482073783878	3.2486705e-16
8604.992214202884	2.5921275e-16
8608.50235462189	2.6858107e-16
8612.012495040897	1.9036304e-16
8615.522635459904	2.0595024e-17
8619.03277587891	1.6943457e-16
8622.542916297916	3.4042506e-16
8626.053056716923	2.7626236e-16
8629.563197135929	2.83036e-16
8633.073337554935	1.8790472e-16
8636.583477973942	1.4512231e-16
8640.093618392948	2.1677348e-16
8643.603758811954	2.3708738e-16
8647.11389923096	1.2964883e-16
8650.624039649967	9.1992424e-17
8654.134180068973	1.5310005e-16
8657.64432048798	1.2632483e-16
8661.154460906986	-9.798058e-19
8664.664601325992	9.300895e-17
8668.174741744999	2.572536e-16
8671.684882164005	1.3395142e-16
8675.195022583011	1.3285074e-17
8678.705163002018	3.2991735e-17
8682.215303421024	1.3886705e-16
8685.72544384003	2.0148623e-16
8689.235584259039	1.7157982e-16
8692.745724678045	1.5994028e-16
8696.255865097051	2.2165586e-16
8699.766005516058	2.095652e-16
8703.276145935064	1.4901827e-16
8706.78628635407	6.983224e-17
8710.296426773077	-3.0863737e-17
8713.806567192083	-9.22951e-17
8717.31670761109	7.970829e-17
8720.826848030096	2.5679463e-16
8724.336988449102	1.6571102e-16
8727.847128868108	1.1270381e-16
8731.357269287115	1.723624e-16
8734.867409706121	1.5179795e-16
8738.377550125128	1.06779336e-16
8741.887690544134	6.835626e-17
8745.39783096314	8.674529e-17
8748.907971382147	2.182934e-16
8752.418111801153	2.479109e-16
8755.92825222016	6.427229e-17
8759.438392639166	1.4075956e-16
8762.948533058172	2.2110944e-16
8766.458673477178	9.968522e-17
8769.968813896185	1.2539182e-16
8773.478954315191	9.136346e-17
8776.989094734197	1.7613087e-16
8780.499235153204	3.1486025e-16
8784.00937557221	1.501378e-16
8787.519515991216	7.953045e-17
8791.029656410223	1.6208265e-16
8794.539796829229	2.4501635e-16
8798.049937248235	1.3467253e-16
8801.560077667242	3.2363332e-17
8805.070218086248	7.573207e-17
8808.580358505254	1.6888733e-16
8812.09049892426	1.6008749e-16
8815.600639343267	1.2227149e-17
8819.110779762274	2.6655629e-17
8822.62092018128	1.3814128e-16
8826.131060600286	3.340834e-16
8829.641201019293	1.7098624e-16
8833.151341438299	-6.410188e-17
8836.661481857305	1.9206161e-16
8840.171622276312	1.0655014e-16
8843.681762695318	-7.229706e-17
8847.191903114324	5.3925356e-18
8850.70204353333	2.4582967e-17
8854.212183952337	-7.1710484e-17
8857.722324371343	-3.2879768e-17
8861.23246479035	1.600907e-16
8864.742605209356	2.140339e-16
8868.252745628362	2.9813098e-16
8871.762886047369	3.7252874e-16
8875.273026466373	2.2203542e-16
8878.78316688538	1.8518372e-16
8882.293307304386	3.1230073e-16
8885.803447723392	1.6336101e-16
8889.313588142399	7.167957e-17
8892.823728561405	1.3459598e-16
8896.333868980411	1.2761598e-16
8899.844009399418	2.08263e-16
8903.354149818424	1.450046e-16
8906.86429023743	1.7861654e-16
8910.374430656437	4.094493e-16
8913.884571075443	3.5705425e-16
8917.39471149445	1.5023651e-16
8920.904851913456	4.7005673e-17
8924.414992332462	-1.6294134e-18
8927.925132751468	3.17056e-17
8931.435273170475	6.430488e-17
8934.945413589481	2.00044e-16
8938.455554008488	2.675037e-16
8941.965694427494	1.203384e-16
8945.4758348465	1.5170737e-16
8948.985975265507	1.3769376e-16
8952.496115684513	-1.10665695e-16
8956.00625610352	4.9637537e-17
8959.516396522526	3.4397084e-16
8963.026536941532	3.6728704e-16
8966.536677360538	3.171228e-16
8970.046817779545	1.6583525e-16
8973.556958198551	1.1664476e-16
8977.067098617557	2.8964014e-16
8980.577239036564	3.6081703e-16
8984.08737945557	2.634107e-16
8987.597519874576	1.886569e-16
8991.107660293583	3.3633714e-16
8994.617800712589	3.9876215e-16
8998.127941131595	3.249253e-16
9001.638081550602	3.9112707e-16
9005.148221969608	3.039775e-16
9008.658362388614	1.6140131e-16
9012.16850280762	3.2637005e-16
9015.678643226627	3.2573788e-16
9019.188783645634	3.47194e-16
9022.69892406464	3.01899e-16
9026.209064483646	1.6275366e-16
9029.719204902653	1.8132498e-16
9033.229345321659	2.0302795e-16
9036.739485740665	2.50829e-16
9040.249626159672	1.4972116e-16
9043.759766578678	-3.746773e-18
9047.269906997684	1.6529692e-16
9050.780047416692	3.015443e-16
9054.290187835699	1.8578748e-16
9057.800328254705	1.5600657e-16
9061.310468673712	2.2419824e-16
9064.820609092718	1.7666172e-16
9068.330749511724	6.488109e-17
9071.84088993073	5.006919e-17
9075.351030349737	9.159655e-17
9078.861170768743	4.1684675e-17
9082.37131118775	8.970875e-17
9085.881451606756	1.0606274e-16
9089.391592025762	1.0014571e-16
9092.901732444769	2.7774025e-16
9096.411872863775	3.3151303e-16
9099.922013282781	2.784302e-16
9103.432153701788	2.929833e-16
9106.942294120794	2.9011553e-16
9110.4524345398	3.0758146e-16
9113.962574958807	1.6927523e-16
9117.472715377813	6.407134e-17
9120.98285579682	1.1590517e-16
9124.492996215826	2.0312274e-16
9128.003136634832	2.0187975e-16
9131.513277053838	3.0699428e-16
9135.023417472845	3.9213822e-16
9138.533557891851	2.7097526e-16
9142.043698310858	1.8572066e-16
9145.553838729864	2.188643e-16
9149.06397914887	1.7650012e-16
9152.574119567877	2.5083083e-16
9156.084259986883	3.434125e-16
9159.59440040589	2.082711e-16
9163.104540824896	1.2399533e-16
9166.614681243902	8.529949e-17
9170.124821662908	1.6970173e-16
9173.634962081915	3.7998438e-16
9177.145102500921	2.1991375e-16
9180.655242919927	-4.9978868e-17
9184.165383338934	-6.472815e-17
9187.67552375794	-1.13256635e-17
9191.185664176946	1.6099603e-17
9194.695804595953	-8.570012e-18
9198.205945014959	-8.4821085e-18
9201.716085433965	1.4716557e-17
9205.226225852972	8.1588245e-17
9208.736366271978	2.1157402e-16
9212.246506690984	1.33521e-16
9215.75664710999	3.635778e-17
9219.266787528997	9.1875904e-17
9222.776927948004	1.9792156e-16
9226.28706836701	6.693283e-17
9229.797208786016	-6.1218876e-17
9233.307349205023	1.5483887e-16
9236.817489624029	1.4227443e-16
9240.327630043035	1.814394e-17
9243.837770462042	1.4854381e-16
9247.347910881048	6.708511e-17
9250.858051300054	6.177449e-17
9254.36819171906	1.7220918e-16
9257.878332138067	8.038555e-17
9261.388472557073	1.3918796e-16
9264.89861297608	1.8999533e-16
9268.408753395086	-4.2613328e-17
9271.918893814092	1.3668904e-17
9275.429034233099	7.817275e-17
9278.939174652105	1.5171914e-16
9282.449315071111	3.0743516e-16
9285.959455490118	2.0638081e-16
9289.469595909124	1.30846e-16
9292.97973632813	7.1880096e-17
9296.489876747137	1.3330448e-16
9300.000017166143	1.7563313e-16
