3634.89282226563	8.409558e-16
3640.4071497917225	7.0366934e-16
3645.921477317815	9.014672e-16
3651.4358048439076	7.4962257e-16
3656.95013237	9.035192e-16
3662.4644598960926	7.128179e-16
3667.978787422185	7.8602985e-16
3673.4931149482777	7.8580295e-16
3679.0074424743702	7.7220225e-16
3684.5217700004628	8.8342307e-16
3690.0360975265553	8.8329003e-16
3695.550425052648	8.918602e-16
3701.0647525787404	9.458216e-16
3706.579080104833	7.4917417e-16
3712.0934076309254	8.2011493e-16
3717.607735157018	9.950281e-16
3723.1220626831105	8.907082e-16
3728.636390209203	8.271952e-16
3734.1507177352955	9.246698e-16
3739.665045261388	9.018414e-16
3745.1793727874806	9.585485e-16
3750.6937003135736	7.6007813e-16
3756.208027839666	9.591193e-16
3761.7223553657586	8.2978884e-16
3767.236682891851	8.7614976e-16
3772.7510104179437	8.4981826e-16
3778.265337944036	9.136643e-16
3783.7796654701287	8.8386157e-16
3789.2939929962213	9.060219e-16
3794.808320522314	8.34288e-16
3800.3226480484063	9.742358e-16
3805.836975574499	8.2628694e-16
3811.3513031005914	8.591544e-16
3816.865630626684	8.860798e-16
3822.3799581527765	8.7767585e-16
3827.894285678869	8.723431e-16
3833.4086132049615	8.621884e-16
3838.922940731054	9.008262e-16
3844.4372682571466	8.6531637e-16
3849.951595783239	8.143515e-16
3855.4659233093316	8.7812493e-16
3860.980250835424	8.057755e-16
3866.4945783615167	8.304433e-16
3872.008905887609	8.606631e-16
3877.5232334137017	8.017808e-16
3883.0375609397943	9.211318e-16
3888.551888465887	9.342726e-16
3894.0662159919793	8.178347e-16
3899.580543518072	8.2183906e-16
3905.0948710441644	7.8665157e-16
3910.609198570257	8.8609784e-16
3916.1235260963495	8.846975e-16
3921.637853622442	9.014405e-16
3927.1521811485345	8.1074537e-16
3932.666508674627	7.4392786e-16
3938.1808362007196	8.3888004e-16
3943.695163726812	8.6622296e-16
3949.2094912529046	8.4930204e-16
3954.723818778997	8.142041e-16
3960.2381463050897	8.59397e-16
3965.752473831182	7.5538695e-16
3971.2668013572747	8.0729964e-16
3976.7811288833673	7.9793987e-16
3982.29545640946	7.537393e-16
3987.8097839355523	8.4119557e-16
3993.324111461645	7.8389474e-16
3998.8384389877374	8.6503674e-16
4004.3527665138304	8.243674e-16
4009.867094039923	8.595123e-16
4015.3814215660154	8.3915856e-16
4020.895749092108	8.2626497e-16
4026.4100766182005	8.94965e-16
4031.924404144293	9.310642e-16
4037.4387316703856	7.9188194e-16
4042.953059196478	8.1562915e-16
4048.4673867225706	9.015258e-16
4053.981714248663	8.374542e-16
4059.4960417747557	8.6382733e-16
4065.010369300848	7.864545e-16
4070.5246968269407	6.8436673e-16
4076.0390243530333	8.051414e-16
4081.553351879126	7.8124146e-16
4087.0676794052183	8.147476e-16
4092.582006931311	8.597469e-16
4098.096334457403	7.9806354e-16
4103.610661983495	7.507675e-16
4109.124989509588	7.980496e-16
4114.6393170356805	7.214668e-16
4120.153644561773	7.929067e-16
4125.6679720878665	7.552681e-16
4131.182299613959	7.411046e-16
4136.6966271400515	7.429419e-16
4142.210954666144	7.724983e-16
4147.725282192237	7.883405e-16
4153.239609718329	7.902054e-16
4158.753937244422	7.228626e-16
4164.268264770514	7.6316266e-16
4169.782592296607	7.7392167e-16
4175.296919822699	7.496615e-16
4180.811247348792	7.1224756e-16
4186.325574874884	7.9142793e-16
4191.839902400977	7.7942484e-16
4197.354229927069	8.2070266e-16
4202.868557453162	7.365174e-16
4208.382884979254	7.6625226e-16
4213.897212505347	7.8047516e-16
4219.4115400314395	7.784716e-16
4224.925867557532	7.865819e-16
4230.4401950836245	7.558249e-16
4235.954522609717	7.2487227e-16
4241.46885013581	7.279253e-16
4246.983177661902	7.355184e-16
4252.497505187995	7.383943e-16
4258.011832714087	7.2218707e-16
4263.52616024018	7.2944614e-16
4269.040487766272	7.2310155e-16
4274.554815292365	7.963132e-16
4280.069142818457	6.89471e-16
4285.58347034455	6.8724426e-16
4291.097797870642	7.0613405e-16
4296.612125396735	7.065886e-16
4302.126452922827	6.937845e-16
4307.64078044892	6.753524e-16
4313.1551079750125	6.920553e-16
4318.669435501105	7.4442e-16
4324.1837630271975	6.308719e-16
4329.69809055329	6.8419393e-16
4335.212418079383	7.203086e-16
4340.726745605475	7.635181e-16
4346.241073131568	7.2337646e-16
4351.75540065766	6.636666e-16
4357.269728183753	7.4696283e-16
4362.784055709845	6.731278e-16
4368.298383235938	6.7847535e-16
4373.81271076203	6.8166644e-16
4379.327038288123	6.2648796e-16
4384.841365814215	6.880648e-16
4390.355693340308	6.3678063e-16
4395.8700208664	6.090553e-16
4401.384348392493	6.354339e-16
4406.8986759185855	5.7184205e-16
4412.413003444678	7.0336817e-16
4417.9273309707705	6.6490165e-16
4423.441658496863	6.7975945e-16
4428.955986022956	6.4328367e-16
4434.470313549048	6.7421636e-16
4439.984641075141	6.580217e-16
4445.498968601233	6.720484e-16
4451.013296127326	6.8470496e-16
4456.527623653418	6.072886e-16
4462.041951179511	6.55984e-16
4467.556278705603	6.777631e-16
4473.070606231696	6.362251e-16
4478.584933757788	6.0654716e-16
4484.099261283881	5.646607e-16
4489.613588809973	5.871413e-16
4495.127916336066	6.460006e-16
4500.6422438621585	6.490823e-16
4506.156571388251	6.4940354e-16
4511.6708989143435	6.2116886e-16
4517.185226440436	6.4385807e-16
4522.699553966529	6.242047e-16
4528.213881492621	6.1281764e-16
4533.728209018714	6.421507e-16
4539.242536544806	6.212753e-16
4544.756864070899	6.590887e-16
4550.271191596992	6.068521e-16
4555.785519123085	6.3808506e-16
4561.299846649177	7.066448e-16
4566.81417417527	6.078811e-16
4572.328501701362	6.987736e-16
4577.842829227455	6.404818e-16
4583.357156753547	5.839321e-16
4588.87148427964	6.2989986e-16
4594.385811805732	6.68714e-16
4599.900139331825	6.6216255e-16
4605.414466857917	6.316776e-16
4610.92879438401	6.4179353e-16
4616.4431219101025	6.413849e-16
4621.957449436195	5.7162204e-16
4627.471776962288	6.3318693e-16
4632.98610448838	6.7573335e-16
4638.500432014473	6.029941e-16
4644.014759540565	5.9868956e-16
4649.529087066658	5.7378795e-16
4655.04341459275	5.888699e-16
4660.557742118843	6.165916e-16
4666.072069644935	6.3637125e-16
4671.586397171028	6.405483e-16
4677.10072469712	5.841901e-16
4682.615052223213	6.2193013e-16
4688.129379749305	6.177625e-16
4693.643707275398	5.7943777e-16
4699.15803480149	5.872114e-16
4704.672362327583	6.3474976e-16
4710.1866898536755	6.108934e-16
4715.701017379768	6.1944933e-16
4721.215344905861	6.098145e-16
4726.729672431953	5.9482375e-16
4732.243999958046	6.1010004e-16
4737.758327484138	5.98628e-16
4743.272655010231	5.6735564e-16
4748.786982536323	6.1439487e-16
4754.301310062416	6.0732215e-16
4759.815637588508	5.5330913e-16
4765.329965114601	5.5669605e-16
4770.844292640693	5.476978e-16
4776.358620166786	5.422281e-16
4781.872947692878	5.5887827e-16
4787.387275218971	5.9605306e-16
4792.901602745063	5.4579336e-16
4798.415930271156	5.945655e-16
4803.9302577972485	5.303783e-16
4809.444585323341	5.4206435e-16
4814.958912849434	5.305155e-16
4820.473240375526	5.599381e-16
4825.987567901619	5.012412e-16
4831.501895427711	5.4801586e-16
4837.016222953804	5.52937e-16
4842.530550479896	5.364489e-16
4848.044878005989	5.164595e-16
4853.559205532081	5.36014e-16
4859.073533058174	5.388455e-16
4864.587860584266	5.46779e-16
4870.102188110359	5.444575e-16
4875.616515636451	5.6088865e-16
4881.130843162544	5.8609185e-16
4886.645170688636	5.3026645e-16
4892.159498214729	5.217856e-16
4897.6738257408215	5.7263795e-16
4903.188153266914	5.7694045e-16
4908.7024807930065	5.6011515e-16
4914.216808319099	5.1916005e-16
4919.731135845192	5.315624e-16
4925.245463371284	5.2990736e-16
4930.759790897377	5.8864623e-16
4936.274118423469	5.572489e-16
4941.788445949562	4.8942114e-16
4947.302773475654	5.535469e-16
4952.817101001747	5.363575e-16
4958.331428527839	5.4645754e-16
4963.845756053932	5.7235626e-16
4969.360083580024	5.3085683e-16
4974.874411106117	5.82078e-16
4980.388738632209	5.1890313e-16
4985.903066158302	5.209356e-16
4991.4173936843945	4.891922e-16
4996.931721210487	5.0217227e-16
5002.4460487365795	5.724105e-16
5007.960376262672	5.108298e-16
5013.474703788765	4.8642037e-16
5018.989031314857	5.291587e-16
5024.50335884095	5.9642316e-16
5030.017686367042	5.4688116e-16
5035.532013893135	5.3348025e-16
5041.046341419227	5.2720696e-16
5046.56066894532	4.719971e-16
5052.074996471412	5.179035e-16
5057.589323997505	5.196532e-16
5063.103651523597	5.114964e-16
5068.61797904969	5.286977e-16
5074.132306575782	5.1596975e-16
5079.646634101875	5.434398e-16
5085.1609616279675	5.174508e-16
5090.67528915406	5.14879e-16
5096.1896166801525	4.9365175e-16
5101.703944206245	4.9131384e-16
5107.2182717323385	5.01193e-16
5112.732599258431	5.288526e-16
5118.246926784524	5.565185e-16
5123.761254310616	4.9750104e-16
5129.275581836709	5.275557e-16
5134.789909362801	4.8642895e-16
5140.304236888894	4.929336e-16
5145.818564414986	5.391399e-16
5151.332891941079	4.849086e-16
5156.847219467171	5.191131e-16
5162.361546993264	5.108568e-16
5167.875874519356	5.438973e-16
5173.390202045449	5.288805e-16
5178.904529571541	4.8970516e-16
5184.418857097634	4.775013e-16
5189.933184623726	4.9437147e-16
5195.447512149819	5.150353e-16
5200.9618396759115	4.7185484e-16
5206.476167202004	5.3209244e-16
5211.990494728097	5.314869e-16
5217.504822254189	5.001217e-16
5223.019149780282	5.1166486e-16
5228.533477306374	5.0426386e-16
5234.047804832467	5.3843963e-16
5239.562132358559	4.864693e-16
5245.076459884652	5.525484e-16
5250.590787410744	4.606673e-16
5256.105114936837	5.2415696e-16
5261.619442462929	4.9531914e-16
5267.133769989022	4.80211e-16
5272.648097515114	4.6397707e-16
5278.162425041207	4.728638e-16
5283.676752567299	4.9274845e-16
5289.191080093392	4.833217e-16
5294.7054076194845	4.8409124e-16
5300.219735145577	4.8444054e-16
5305.73406267167	4.4695266e-16
5311.248390197762	4.609516e-16
5316.762717723855	4.9063764e-16
5322.277045249947	4.3091838e-16
5327.79137277604	4.867154e-16
5333.305700302132	4.675518e-16
5338.820027828225	4.5845833e-16
5344.334355354317	4.81731e-16
5349.84868288041	4.926654e-16
5355.363010406502	4.554203e-16
5360.877337932595	4.526095e-16
5366.391665458687	4.8981777e-16
5371.90599298478	4.571268e-16
5377.420320510872	4.6362655e-16
5382.934648036965	4.7463804e-16
5388.4489755630575	4.740279e-16
5393.96330308915	4.682813e-16
5399.477630615243	4.6451154e-16
5404.991958141335	4.1072718e-16
5410.506285667428	4.5013247e-16
5416.02061319352	4.641594e-16
5421.534940719613	4.44578e-16
5427.049268245705	4.647891e-16
5432.563595771798	4.5283647e-16
5438.07792329789	4.4712275e-16
5443.592250823983	4.5829453e-16
5449.106578350075	4.9401333e-16
5454.620905876168	4.2476262e-16
5460.135233402261	4.372364e-16
5465.649560928354	4.5547736e-16
5471.163888454446	4.8279793e-16
5476.678215980539	4.177099e-16
5482.192543506631	4.4124114e-16
5487.706871032724	4.677482e-16
5493.2211985588165	4.346158e-16
5498.735526084909	4.5394756e-16
5504.2498536110015	4.3699864e-16
5509.764181137094	4.2345578e-16
5515.278508663187	4.4516155e-16
5520.792836189279	4.562258e-16
5526.307163715372	4.3903142e-16
5531.821491241464	4.323084e-16
5537.335818767557	4.004647e-16
5542.850146293649	4.2161396e-16
5548.364473819742	4.5186296e-16
5553.878801345834	4.121066e-16
5559.393128871927	4.0969684e-16
5564.907456398019	4.2880037e-16
5570.421783924112	4.552971e-16
5575.936111450204	4.2483475e-16
5581.450438976297	4.2855463e-16
5586.9647665023895	4.4405191e-16
5592.479094028482	4.194272e-16
5597.9934215545745	3.7133414e-16
5603.507749080667	3.7407683e-16
5609.02207660676	4.171733e-16
5614.536404132852	4.147777e-16
5620.050731658945	4.065193e-16
5625.565059185037	4.439467e-16
5631.07938671113	3.8555042e-16
5636.593714237222	4.116022e-16
5642.108041763315	4.3327453e-16
5647.622369289407	4.197211e-16
5653.1366968155	3.7556043e-16
5658.651024341592	4.3476115e-16
5664.165351867685	3.8503463e-16
5669.679679393777	4.0216984e-16
5675.19400691987	4.2438087e-16
5680.7083344459625	4.0893266e-16
5686.222661972055	3.9648842e-16
5691.7369894981475	3.7735752e-16
5697.25131702424	4.2389555e-16
5702.765644550333	4.2095645e-16
5708.279972076425	4.0103003e-16
5713.794299602518	3.7855853e-16
5719.30862712861	4.2412732e-16
5724.822954654703	3.9874113e-16
5730.337282180795	3.5702825e-16
5735.851609706888	3.9850404e-16
5741.36593723298	3.6601509e-16
5746.880264759073	3.8672684e-16
5752.394592285165	3.4573407e-16
5757.908919811258	3.8737453e-16
5763.42324733735	4.0814367e-16
5768.937574863443	3.4769787e-16
5774.4519023895355	3.9544765e-16
5779.966229915628	3.8228167e-16
5785.4805574417205	3.1162827e-16
5790.994884967813	3.5482398e-16
5796.509212493906	3.845674e-16
5802.023540019998	3.4674577e-16
5807.537867546091	4.1523718e-16
5813.052195072183	3.609285e-16
5818.566522598276	3.5370217e-16
5824.080850124368	3.8834002e-16
5829.595177650461	3.9954274e-16
5835.109505176553	4.0409583e-16
5840.623832702646	4.1959476e-16
5846.138160228738	3.7883374e-16
5851.652487754831	3.6118898e-16
5857.166815280923	3.42765e-16
5862.681142807016	3.797891e-16
5868.1954703331085	3.576841e-16
5873.709797859201	3.848163e-16
5879.2241253852935	3.5326637e-16
5884.738452911386	3.5242148e-16
5890.252780437479	3.7028437e-16
5895.767107963571	3.256403e-16
5901.281435489664	3.390866e-16
5906.795763015756	3.6686667e-16
5912.310090541849	3.3381447e-16
5917.824418067941	3.3365133e-16
5923.338745594034	3.6207464e-16
5928.853073120126	3.9122292e-16
5934.367400646219	3.458462e-16
5939.881728172311	3.6645374e-16
5945.396055698404	3.6503938e-16
5950.910383224496	3.9796808e-16
5956.424710750589	3.1767907e-16
5961.9390382766815	3.4133596e-16
5967.453365802774	3.8580715e-16
5972.9676933288665	3.4600062e-16
5978.482020854959	3.3099525e-16
5983.996348381052	3.2787192e-16
5989.510675907144	3.6752246e-16
5995.025003433237	3.6768745e-16
6000.539330959329	3.2045265e-16
6006.053658485422	3.4122751e-16
6011.567986011514	3.460144e-16
6017.082313537607	3.5704215e-16
6022.596641063699	3.688942e-16
6028.110968589792	3.8616846e-16
6033.625296115884	3.4334036e-16
6039.139623641977	3.596234e-16
6044.653951168069	3.844368e-16
6050.168278694162	3.2877264e-16
6055.6826062202545	3.4032516e-16
6061.196933746347	3.394356e-16
6066.7112612724395	3.2355806e-16
6072.225588798532	3.698698e-16
6077.739916324625	3.5989758e-16
6083.254243850717	3.282589e-16
6088.76857137681	3.262044e-16
6094.282898902902	3.158514e-16
6099.797226428995	3.2450113e-16
6105.311553955087	3.3403965e-16
6110.825881481181	3.3998905e-16
6116.340209007273	3.6318525e-16
6121.854536533366	3.5546333e-16
6127.368864059458	3.0582278e-16
6132.883191585551	3.1398596e-16
6138.397519111643	3.110009e-16
6143.911846637736	3.4319488e-16
6149.426174163828	3.3560687e-16
6154.940501689921	3.3539365e-16
6160.454829216013	3.4117132e-16
6165.969156742106	3.3913997e-16
6171.4834842681985	3.560453e-16
6176.997811794291	3.2464324e-16
6182.5121393203835	3.4232606e-16
6188.026466846476	3.2115117e-16
6193.540794372569	3.1863069e-16
6199.055121898661	3.0888983e-16
6204.569449424754	3.1163536e-16
6210.083776950846	3.2423135e-16
6215.598104476939	3.350322e-16
6221.112432003031	3.0834307e-16
6226.626759529124	3.3302088e-16
6232.141087055216	3.100233e-16
6237.655414581309	2.828007e-16
6243.169742107401	2.9394915e-16
6248.684069633494	3.0344963e-16
6254.198397159586	2.9708368e-16
6259.712724685679	3.1820473e-16
6265.2270522117715	3.1712763e-16
6270.741379737864	3.038298e-16
6276.2557072639565	3.0689724e-16
6281.770034790049	2.8605888e-16
6287.284362316142	2.9813376e-16
6292.798689842234	2.9181924e-16
6298.313017368327	2.9818675e-16
6303.827344894419	3.0274485e-16
6309.341672420512	2.7182537e-16
6314.855999946604	2.6680683e-16
6320.370327472697	3.0915824e-16
6325.884654998789	3.2187474e-16
6331.398982524882	3.1570633e-16
6336.913310050974	3.0526265e-16
6342.427637577068	2.6621245e-16
6347.94196510316	3.0331302e-16
6353.456292629253	3.2091855e-16
6358.970620155345	3.048388e-16
6364.484947681438	3.146587e-16
6369.99927520753	2.9977605e-16
6375.513602733623	2.9776604e-16
6381.0279302597155	3.0197482e-16
6386.542257785808	3.250362e-16
6392.056585311901	3.0619386e-16
6397.570912837993	3.3944263e-16
6403.085240364086	2.954833e-16
6408.599567890178	3.071463e-16
6414.113895416271	3.239766e-16
6419.628222942363	3.339045e-16
6425.142550468456	2.5408289e-16
6430.656877994548	3.1397913e-16
6436.171205520641	2.8499175e-16
6441.685533046733	2.7849167e-16
6447.199860572826	2.9594802e-16
6452.714188098918	3.4438224e-16
6458.228515625011	2.763851e-16
6463.742843151103	3.0255453e-16
6469.257170677196	2.7404462e-16
6474.7714982032885	2.6198488e-16
6480.285825729381	2.6561267e-16
6485.800153255474	3.034298e-16
6491.314480781566	2.992678e-16
6496.828808307659	2.7673914e-16
6502.343135833751	2.785975e-16
6507.857463359844	2.9797992e-16
6513.371790885936	2.955584e-16
6518.886118412029	2.938459e-16
6524.400445938121	3.095649e-16
6529.914773464214	2.773484e-16
6535.429100990306	2.7016447e-16
6540.943428516399	3.2118576e-16
6546.457756042491	3.0687776e-16
6551.972083568584	2.758366e-16
6557.486411094676	2.5260542e-16
6563.000738620769	2.502734e-16
6568.5150661468615	3.0509108e-16
6574.029393672954	3.045218e-16
6579.543721199047	2.902294e-16
6585.058048725139	2.5465312e-16
6590.572376251232	2.5682825e-16
6596.086703777324	2.4747635e-16
6601.601031303417	2.9052304e-16
6607.115358829509	3.079858e-16
6612.629686355602	2.480706e-16
6618.144013881694	2.5582452e-16
6623.658341407787	2.742345e-16
6629.172668933879	2.6109767e-16
6634.686996459972	2.7411206e-16
6640.201323986064	3.25459e-16
6645.715651512157	2.8325515e-16
6651.229979038249	2.4773247e-16
6656.744306564342	2.7007423e-16
6662.2586340904345	2.654935e-16
6667.772961616527	2.700931e-16
6673.28728914262	2.5046243e-16
6678.801616668712	2.6442672e-16
6684.315944194805	2.6189825e-16
6689.830271720897	2.8824237e-16
6695.34459924699	2.8892945e-16
6700.858926773082	2.4464712e-16
6706.373254299175	2.5855037e-16
6711.887581825267	2.5023376e-16
6717.40190935136	2.4956857e-16
6722.916236877452	2.7387272e-16
6728.430564403545	2.551531e-16
6733.944891929637	2.7415852e-16
6739.45921945573	2.9575016e-16
6744.973546981822	2.4903023e-16
6750.487874507915	2.4991334e-16
6756.0022020340075	2.7119742e-16
6761.5165295601	2.658395e-16
6767.030857086193	2.4972244e-16
6772.545184612285	2.4331085e-16
6778.059512138378	2.5321986e-16
6783.57383966447	2.6306225e-16
6789.088167190563	2.6197099e-16
6794.602494716655	3.1371842e-16
6800.116822242748	2.6498965e-16
6805.63114976884	2.6153762e-16
6811.145477294933	2.4698295e-16
6816.659804821025	2.5106544e-16
6822.174132347118	2.7006648e-16
6827.68845987321	2.7338573e-16
6833.202787399303	2.847579e-16
6838.717114925395	2.896892e-16
6844.231442451488	2.6099343e-16
6849.7457699775805	2.33516e-16
6855.260097503673	2.6147619e-16
6860.774425029766	2.3070755e-16
6866.288752555858	2.4104183e-16
6871.803080081951	2.3669155e-16
6877.317407608043	2.1495364e-16
6882.831735134136	2.3654756e-16
6888.346062660228	2.4462354e-16
6893.860390186321	2.4250508e-16
6899.374717712413	2.4633417e-16
6904.889045238506	2.2822035e-16
6910.403372764598	2.3686773e-16
6915.917700290691	2.6099645e-16
6921.432027816783	2.7519902e-16
6926.946355342876	2.6091945e-16
6932.460682868968	2.570246e-16
6937.975010395061	2.3449678e-16
6943.4893379211535	2.2540812e-16
6949.003665447246	2.7664104e-16
6954.517992973339	2.310454e-16
6960.032320499431	2.052792e-16
6965.546648025524	2.5419737e-16
6971.060975551616	2.37416e-16
6976.575303077709	2.2802794e-16
6982.089630603801	2.3719016e-16
6987.603958129894	2.4995762e-16
6993.118285655986	2.635551e-16
6998.632613182079	2.0887109e-16
7004.146940708171	2.6138396e-16
7009.661268234264	2.7216429e-16
7015.175595760356	2.3940079e-16
7020.689923286449	2.4103702e-16
7026.204250812541	2.2439022e-16
7031.718578338634	2.4558664e-16
7037.2329058647265	2.5132648e-16
7042.747233390819	2.3724734e-16
7048.2615609169125	2.3521475e-16
7053.775888443005	2.3380595e-16
7059.2902159690975	2.4215706e-16
7064.80454349519	2.3025018e-16
7070.318871021283	2.0470452e-16
7075.833198547375	2.0226302e-16
7081.347526073468	2.031522e-16
7086.86185359956	2.3554112e-16
7092.376181125653	2.1513831e-16
7097.890508651745	1.915837e-16
7103.404836177838	2.1300582e-16
7108.91916370393	2.2031969e-16
7114.433491230023	2.503728e-16
7119.947818756115	1.7758194e-16
7125.462146282208	1.8605821e-16
7130.9764738083	2.3586517e-16
7136.490801334393	1.9017184e-16
7142.0051288604855	2.3877922e-16
7147.519456386578	2.2156915e-16
7153.0337839126705	2.177984e-16
7158.548111438763	2.21475e-16
7164.062438964856	1.8411357e-16
7169.576766490948	1.8878118e-16
7175.091094017041	1.9743222e-16
7180.605421543133	2.0189299e-16
7186.119749069226	2.1184998e-16
7191.634076595318	1.8245643e-16
7197.148404121411	2.234767e-16
7202.662731647503	2.4951584e-16
7208.177059173596	2.1391597e-16
7213.691386699688	2.180621e-16
7219.205714225781	2.0641675e-16
7224.720041751873	2.1316009e-16
7230.234369277966	2.4979245e-16
7235.748696804058	2.0728478e-16
7241.263024330151	1.7423375e-16
7246.7773518562435	2.102429e-16
7252.291679382336	1.8806215e-16
7257.806006908429	2.1907982e-16
7263.320334434521	1.880251e-16
7268.834661960614	1.8222899e-16
7274.348989486706	2.1984172e-16
7279.863317012799	1.9940688e-16
7285.377644538892	1.9255783e-16
7290.891972064985	2.0179897e-16
7296.406299591077	1.9710514e-16
7301.92062711717	1.7016276e-16
7307.434954643262	2.2041998e-16
7312.949282169355	2.1878974e-16
7318.463609695447	2.1752784e-16
7323.97793722154	2.0427528e-16
7329.492264747632	2.1439857e-16
7335.006592273725	2.1743841e-16
7340.520919799817	2.32745e-16
7346.03524732591	2.47293e-16
7351.5495748520025	2.2371832e-16
7357.063902378095	1.8292455e-16
7362.5782299041875	1.6878773e-16
7368.09255743028	1.9729314e-16
7373.606884956373	2.1837032e-16
7379.121212482465	1.6565377e-16
7384.635540008558	1.5735041e-16
7390.14986753465	1.9267562e-16
7395.664195060743	1.7014662e-16
7401.178522586835	1.7777063e-16
7406.692850112928	2.0911444e-16
7412.20717763902	2.1734928e-16
7417.721505165113	2.09348e-16
7423.235832691205	1.9412989e-16
7428.750160217298	1.9052231e-16
7434.26448774339	1.9096477e-16
7439.778815269483	1.8597379e-16
7445.2931427955755	2.1549905e-16
7450.807470321668	2.1050411e-16
7456.3217978477605	2.1952533e-16
7461.836125373853	2.0538156e-16
7467.350452899946	1.931036e-16
7472.864780426038	2.017442e-16
7478.379107952131	1.8206125e-16
7483.893435478223	1.7823719e-16
7489.407763004316	1.8577688e-16
7494.922090530408	2.0939041e-16
7500.436418056501	2.1029299e-16
7505.950745582593	1.8949117e-16
7511.465073108686	1.8654912e-16
7516.979400634778	2.000918e-16
7522.493728160871	2.1537771e-16
7528.008055686963	1.9932366e-16
7533.522383213056	1.6260282e-16
7539.0367107391485	1.8360744e-16
7544.551038265241	1.7249508e-16
7550.0653657913335	2.0428909e-16
7555.579693317426	2.2810854e-16
7561.094020843519	1.7090372e-16
7566.608348369611	1.8821433e-16
7572.122675895704	1.3311483e-16
7577.637003421796	1.8887636e-16
7583.151330947889	2.0772779e-16
7588.665658473981	2.1189551e-16
7594.179986000074	2.0361167e-16
7599.694313526166	2.0061062e-16
7605.208641052259	1.5935584e-16
7610.722968578351	1.1179354e-16
7616.237296104444	1.6332307e-16
7621.751623630536	1.993862e-16
7627.265951156629	1.9621603e-16
7632.7802786827215	1.5680251e-16
7638.294606208814	1.482036e-16
7643.8089337349065	1.182573e-16
7649.323261260999	1.2600598e-16
7654.837588787092	1.5955754e-16
7660.351916313184	1.5704277e-16
7665.866243839277	1.8269786e-16
7671.380571365369	2.0025118e-16
7676.894898891462	1.7565985e-16
7682.409226417554	1.8943819e-16
7687.923553943647	2.0498821e-16
7693.437881469739	2.2192737e-16
7698.952208995832	1.6307256e-16
7704.466536521924	1.4948343e-16
7709.980864048017	1.7057551e-16
7715.495191574109	2.0082298e-16
7721.009519100202	1.9014818e-16
7726.5238466262945	2.3006958e-16
7732.038174152387	1.8072996e-16
7737.5525016784795	1.4789685e-16
7743.066829204572	2.0047204e-16
7748.581156730665	2.0656272e-16
7754.095484256757	1.7918895e-16
7759.60981178285	1.601107e-16
7765.124139308942	2.0072489e-16
7770.638466835035	2.1308402e-16
7776.152794361127	1.9016911e-16
7781.66712188722	2.0072354e-16
7787.181449413312	1.7828687e-16
7792.695776939405	1.6477131e-16
7798.210104465497	2.1064432e-16
7803.72443199159	1.9384428e-16
7809.238759517682	1.700396e-16
7814.753087043775	1.7573051e-16
7820.2674145698675	2.276859e-16
7825.78174209596	1.743978e-16
7831.2960696220525	1.1160063e-16
7836.810397148145	1.6865284e-16
7842.324724674238	1.7540929e-16
7847.83905220033	1.5280354e-16
7853.353379726423	1.3926468e-16
7858.867707252515	2.0960185e-16
7864.382034778608	1.73655e-16
7869.8963623047	1.8278202e-16
7875.410689830793	1.8610038e-16
7880.925017356885	1.8361563e-16
7886.439344882978	1.7192308e-16
7891.95367240907	1.858322e-16
7897.467999935163	1.7274235e-16
7902.982327461255	1.9376288e-16
7908.496654987348	1.6710997e-16
7914.0109825134405	1.2437248e-16
7919.525310039533	1.7585431e-16
7925.0396375656255	1.9400204e-16
7930.553965091718	1.6370847e-16
7936.068292617811	1.636857e-16
7941.582620143903	1.9737384e-16
7947.096947669996	1.6080602e-16
7952.611275196088	1.589068e-16
7958.125602722181	2.0774061e-16
7963.639930248273	1.8168212e-16
7969.154257774366	1.8214866e-16
7974.668585300458	1.4536061e-16
7980.182912826551	1.4445997e-16
7985.697240352643	2.0136195e-16
7991.211567878736	1.7550202e-16
7996.725895404828	1.8009906e-16
8002.240222930921	1.3815486e-16
8007.7545504570135	1.06524425e-16
8013.268877983106	1.9127918e-16
8018.7832055091985	2.0207662e-16
8024.297533035291	1.9048437e-16
8029.811860561384	1.9560601e-16
8035.326188087476	2.1104832e-16
8040.840515613569	1.4008922e-16
8046.354843139661	1.425751e-16
8051.869170665754	1.8602086e-16
8057.383498191846	1.4592077e-16
8062.897825717939	1.332952e-16
8068.412153244031	1.6530093e-16
8073.926480770124	1.7481274e-16
8079.440808296216	1.3626132e-16
8084.955135822309	1.3913198e-16
8090.469463348401	1.5364132e-16
8095.983790874494	1.7175962e-16
8101.4981184005865	1.3250389e-16
8107.012445926681	1.3367677e-16
8112.526773452773	1.5056422e-16
8118.041100978866	1.7398704e-16
8123.555428504958	1.6706828e-16
8129.069756031051	1.9975808e-16
8134.5840835571435	1.5470759e-16
8140.098411083236	1.8804886e-16
8145.6127386093285	1.4399421e-16
8151.127066135421	1.4116074e-16
8156.641393661514	1.5323583e-16
8162.155721187606	1.9565756e-16
8167.670048713699	1.7866073e-16
8173.184376239791	1.6494957e-16
8178.698703765884	1.2898434e-16
8184.213031291976	1.2583094e-16
8189.727358818069	1.4990689e-16
8195.241686344161	1.1756567e-16
8200.756013870254	1.7905827e-16
8206.270341396346	1.826221e-16
8211.784668922439	1.08500943e-16
8217.298996448531	1.7914828e-16
8222.813323974624	1.9831e-16
8228.327651500716	1.5028755e-16
8233.841979026809	2.0140567e-16
8239.356306552902	1.2700268e-16
8244.870634078994	1.6849877e-16
8250.384961605087	1.4264134e-16
8255.89928913118	1.5108273e-16
8261.413616657272	1.5301794e-16
8266.927944183364	2.0950441e-16
8272.442271709457	1.9104246e-16
8277.95659923555	1.4062984e-16
8283.470926761642	1.5060676e-16
8288.985254287734	1.664087e-16
8294.499581813827	1.2132611e-16
8300.01390933992	1.2232576e-16
8305.528236866012	1.620702e-16
8311.042564392104	1.3290824e-16
8316.556891918197	1.2070914e-16
8322.07121944429	1.7514832e-16
8327.585546970382	2.2155149e-16
8333.099874496475	1.7444399e-16
8338.614202022567	1.5581686e-16
8344.12852954866	1.4935347e-16
8349.642857074752	1.2317728e-16
8355.157184600845	1.06804125e-16
8360.671512126937	8.4830085e-17
8366.18583965303	1.7144627e-16
8371.700167179122	1.457956e-16
8377.214494705215	8.9137764e-17
8382.728822231307	1.3000598e-16
8388.2431497574	7.2709216e-17
8393.757477283492	1.5706356e-16
8399.271804809585	1.609385e-16
8404.786132335677	2.0649966e-16
8410.30045986177	1.5880816e-16
8415.814787387862	1.3684991e-16
8421.329114913955	1.03272083e-16
8426.843442440048	1.8543394e-16
8432.35776996614	1.4408091e-16
8437.872097492233	1.4391732e-16
8443.386425018325	1.3114484e-16
8448.900752544418	1.908794e-16
8454.41508007051	1.4988075e-16
8459.929407596603	1.1481608e-16
8465.443735122695	1.1302053e-16
8470.958062648788	1.3363088e-16
8476.47239017488	1.3236272e-16
8481.986717700973	1.5457365e-16
8487.501045227065	1.9351782e-16
8493.015372753158	1.568563e-16
8498.52970027925	1.4717651e-16
8504.044027805343	1.5607106e-16
8509.558355331435	1.5169235e-16
8515.072682857528	1.09476924e-16
8520.58701038362	1.5158241e-16
8526.101337909713	1.2421886e-16
8531.615665435806	1.6699844e-16
8537.129992961898	2.1629082e-16
8542.64432048799	1.7711438e-16
8548.158648014083	1.3038794e-16
8553.672975540176	1.8426903e-16
8559.187303066268	1.369318e-16
8564.70163059236	1.4609127e-16
8570.215958118453	1.4763567e-16
8575.730285644546	1.3283282e-16
8581.244613170638	1.5532023e-16
8586.75894069673	1.7286432e-16
8592.273268222823	1.0705521e-16
8597.787595748916	9.26106e-17
8603.301923275008	1.5326242e-16
8608.816250801101	1.1309066e-16
8614.330578327194	9.4068766e-17
8619.844905853286	1.4110059e-16
8625.359233379379	1.2430905e-16
8630.873560905471	1.1741211e-16
8636.387888431564	1.7795526e-16
8641.902215957656	1.5317964e-16
8647.416543483749	1.2817686e-16
8652.930871009841	1.4474785e-16
8658.445198535934	1.15346e-16
8663.959526062026	1.3327326e-16
8669.473853588119	1.9700591e-16
8674.988181114211	1.6662685e-16
8680.502508640304	1.3194048e-16
8686.016836166396	1.4652782e-16
8691.531163692489	1.202315e-16
8697.045491218581	2.1077447e-16
8702.559818744674	1.7420932e-16
8708.074146270767	1.5810066e-16
8713.588473796859	1.7264854e-16
8719.102801322952	1.4187516e-16
8724.617128849044	1.131045e-16
8730.131456375137	1.820213e-16
8735.64578390123	1.4035852e-16
8741.160111427322	1.6680731e-16
8746.674438953414	1.5303786e-16
8752.188766479507	1.8364873e-16
8757.7030940056	1.2317625e-16
8763.217421531692	1.1743185e-16
8768.731749057784	1.175731e-16
8774.246076583877	3.9630266e-17
8779.76040410997	1.04048634e-16
8785.274731636062	2.0700845e-16
8790.789059162154	1.225211e-16
8796.303386688247	1.1688937e-16
8801.81771421434	1.5596639e-16
8807.332041740432	1.2878491e-16
8812.846369266525	1.1851299e-16
8818.360696792617	2.2036409e-16
8823.87502431871	2.0802241e-16
8829.389351844802	1.5410399e-16
8834.903679370895	8.225875e-17
8840.418006896987	9.8417407e-17
8845.93233442308	1.5953122e-16
8851.446661949172	1.2137674e-16
8856.960989475265	7.153154e-17
8862.475317001357	1.4069522e-16
8867.98964452745	1.2182561e-16
8873.503972053542	5.5182385e-18
8879.018299579635	1.9054045e-16
8884.532627105727	1.10553456e-16
8890.04695463182	1.708451e-16
8895.561282157913	1.5852662e-16
8901.075609684005	1.6285958e-16
8906.589937210098	1.6836105e-16
8912.10426473619	1.2875082e-16
8917.618592262283	1.3533482e-16
8923.132919788375	1.6421282e-16
8928.647247314468	5.255301e-17
8934.16157484056	1.2684357e-16
8939.675902366653	2.284614e-16
8945.190229892745	1.5819861e-16
8950.704557418838	8.367662e-17
8956.21888494493	5.915786e-17
8961.733212471023	5.4594936e-17
8967.247539997115	1.398782e-16
8972.761867523208	1.3598632e-16
8978.2761950493	1.446926e-16
8983.790522575393	1.5723128e-16
8989.304850101485	8.1165185e-17
8994.819177627578	1.3733317e-16
9000.33350515367	7.189037e-17
9005.847832679763	2.4552487e-17
9011.362160205856	3.0655486e-17
9016.876487731948	2.1878752e-17
9022.39081525804	6.976208e-17
9027.905142784133	1.433844e-16
9033.419470310226	1.8094976e-16
9038.933797836318	1.1612024e-16
9044.44812536241	1.0090561e-16
9049.962452888505	1.4407014e-16
9055.476780414598	1.1930114e-16
9060.99110794069	1.5656787e-16
9066.505435466783	1.221726e-16
9072.019762992875	6.5730346e-17
9077.534090518968	5.0700074e-17
9083.04841804506	1.2869641e-16
9088.562745571153	1.7057117e-16
9094.077073097245	1.6011281e-16
9099.591400623338	1.3356304e-16
9105.10572814943	7.894544e-17
9110.620055675523	2.5901561e-17
9116.134383201615	4.8831165e-17
9121.648710727708	1.1208663e-17
9127.1630382538	1.2440983e-16
9132.677365779893	2.461592e-16
9138.191693305986	1.2658504e-16
9143.706020832078	8.460062e-17
9149.22034835817	9.9318914e-17
9154.734675884263	7.790279e-17
9160.249003410356	6.79927e-17
9165.763330936448	1.2463077e-16
9171.27765846254	1.3425082e-16
9176.791985988633	8.495915e-17
9182.306313514726	6.8480066e-17
9187.820641040818	-3.5682937e-17
9193.33496856691	1.2643498e-16
9198.849296093003	1.5559695e-16
9204.363623619096	1.7207436e-16
9209.877951145188	8.244061e-17
9215.392278671281	6.3560174e-17
9220.906606197374	7.4295635e-17
9226.420933723466	9.030599e-17
