4999.999999999998	2.4617252e-16
5003.517110347746	-1.1955546e-18
5007.034220695494	1.5820309e-17
5010.551331043242	1.5661826e-16
5014.068441390989	7.268168e-17
5017.585551738737	-3.931797e-17
5021.102662086485	-6.745105e-17
5024.619772434233	-1.3790928e-17
5028.136882781981	1.191947e-16
5031.653993129728	1.1478084e-16
5035.171103477476	2.1189047e-17
5038.688213825224	-1.5763854e-17
5042.205324172972	5.9490466e-17
5045.72243452072	1.3920575e-16
5049.239544868467	1.4627499e-16
5052.756655216215	2.25468e-16
5056.273765563963	1.8635674e-16
5059.790875911711	1.0291139e-16
5063.307986259459	2.4036012e-17
5066.825096607206	-5.783509e-17
5070.342206954954	6.146228e-17
5073.859317302702	1.2281643e-16
5077.37642765045	1.0158022e-16
5080.893537998198	8.2862646e-17
5084.410648345945	6.6310074e-17
5087.927758693693	-2.9199363e-17
5091.444869041441	4.3699346e-17
5094.961979389189	1.3861857e-16
5098.479089736937	1.1674118e-16
5101.9962000846845	1.8710252e-16
5105.513310432432	1.9303074e-16
5109.03042078018	8.802568e-17
5112.547531127928	-1.6671336e-17
5116.064641475676	2.5173943e-17
5119.5817518234235	1.5019804e-16
5123.098862171171	9.607219e-17
5126.615972518919	-1.9449357e-17
5130.133082866667	-4.3966678e-17
5133.650193214415	1.426005e-16
5137.1673035621625	1.4473657e-16
5140.68441390991	7.3596e-17
5144.201524257658	1.1794406e-16
5147.718634605406	3.3912198e-17
5151.235744953154	-4.1438503e-17
5154.7528553009015	6.35393e-17
5158.269965648649	6.355903e-17
5161.787075996397	6.6455326e-17
5165.304186344145	1.1878646e-16
5168.821296691893	8.519289e-17
5172.3384070396405	4.9395517e-17
5175.855517387388	6.426719e-17
5179.372627735136	5.684533e-17
5182.889738082884	7.386025e-17
5186.406848430632	1.1350689e-16
5189.9239587783795	1.3593884e-16
5193.441069126127	9.6304966e-17
5196.958179473875	1.1241357e-16
5200.475289821623	1.4815866e-16
5203.992400169371	1.1834384e-16
5207.5095105171185	8.010416e-17
5211.026620864866	8.0392625e-17
5214.543731212614	5.9750485e-17
5218.060841560362	4.229355e-17
5221.57795190811	8.796184e-17
5225.095062255858	1.0355794e-16
5228.612172603605	9.978737e-17
5232.129282951353	1.6936857e-17
5235.646393299101	8.8075287e-17
5239.163503646849	1.4172711e-16
5242.680613994597	7.7412055e-17
5246.197724342344	1.1642739e-16
5249.714834690092	9.890217e-17
5253.23194503784	6.363477e-17
5256.749055385588	9.870204e-17
5260.266165733336	1.01561394e-16
5263.783276081083	9.050032e-17
5267.300386428831	1.5480267e-16
5270.817496776579	2.23655e-16
5274.334607124327	1.516427e-16
5277.851717472075	1.2795712e-16
5281.368827819822	1.3225288e-16
5284.88593816757	1.1963356e-16
5288.403048515318	4.7799783e-17
5291.920158863066	3.056258e-17
5295.437269210814	1.0349128e-16
5298.954379558561	1.0648492e-16
5302.471489906309	1.0471451e-16
5305.988600254057	5.510493e-17
5309.505710601805	2.507526e-17
5313.022820949553	8.5960325e-17
5316.5399312973	1.2205529e-16
5320.057041645048	6.359191e-17
5323.574151992796	3.0316914e-17
5327.091262340544	2.1582754e-17
5330.608372688292	4.9865084e-17
5334.125483036039	1.2550503e-16
5337.642593383787	7.7968794e-17
5341.159703731535	3.6345092e-17
5344.676814079283	5.753443e-17
5348.193924427031	7.0282996e-17
5351.711034774778	8.1103246e-17
5355.228145122526	4.950175e-18
5358.745255470274	1.1801689e-17
5362.262365818022	3.6044865e-17
5365.77947616577	1.82428e-18
5369.2965865135175	6.17907e-17
5372.813696861265	9.234741e-17
5376.330807209013	3.8920314e-17
5379.847917556761	-2.333696e-19
5383.365027904509	5.1384082e-17
5386.8821382522565	4.449026e-17
5390.399248600004	4.6047732e-17
5393.916358947752	1.2821955e-16
5397.4334692955	1.1036757e-16
5400.950579643248	4.1910525e-17
5404.4676899909955	5.58739e-17
5407.984800338743	1.1317862e-16
5411.501910686491	1.0790405e-16
5415.019021034239	8.222101e-17
5418.536131381987	8.546788e-17
5422.0532417297345	7.2850366e-17
5425.570352077482	2.4422074e-17
5429.08746242523	1.1722747e-17
5432.604572772978	4.1661004e-17
5436.121683120726	6.5786084e-17
5439.6387934684735	1.1483399e-16
5443.155903816221	9.430118e-17
5446.673014163969	4.9180483e-17
5450.190124511717	5.582894e-17
5453.707234859465	7.7611485e-17
5457.2243452072125	1.198094e-16
5460.74145555496	7.907024e-17
5464.258565902708	7.581806e-17
5467.775676250456	8.113064e-17
5471.292786598204	4.4099708e-17
5474.809896945952	7.822552e-17
5478.327007293699	9.793983e-17
5481.844117641447	1.0458238e-16
5485.361227989195	1.0136791e-16
5488.878338336943	5.759984e-17
5492.395448684691	1.2377947e-16
5495.912559032438	1.383558e-16
5499.429669380186	8.324336e-17
5502.946779727934	8.4701204e-17
5506.463890075682	8.0805765e-17
5509.98100042343	6.6147126e-17
5513.498110771177	5.2014705e-17
5517.015221118925	1.4543162e-17
5520.532331466673	1.5371432e-18
5524.04944181442	5.5275352e-17
5527.566552162168	3.9463212e-17
5531.0836625099155	2.8299927e-17
5534.600772857663	8.2444185e-17
5538.117883205411	1.2939613e-16
5541.634993553159	8.464483e-17
5545.152103900907	1.7677885e-17
5548.6692142486545	1.7578212e-17
5552.186324596402	8.1513825e-17
5555.70343494415	1.3312977e-16
5559.220545291898	1.8908927e-16
5562.737655639646	1.5695511e-16
5566.2547659873935	1.2525598e-16
5569.771876335141	1.2323777e-16
5573.288986682889	1.5384012e-16
5576.806097030637	1.8808167e-16
5580.323207378385	9.518828e-17
5583.8403177261325	-6.177125e-17
5587.35742807388	-5.588014e-17
5590.874538421628	-2.6957753e-17
5594.391648769376	2.0126e-17
5597.908759117124	9.240269e-17
5601.4258694648715	7.476179e-17
5604.942979812619	9.311245e-17
5608.460090160367	1.6358714e-16
5611.977200508115	1.879447e-16
5615.494310855863	1.03713434e-16
5619.011421203611	6.012446e-17
5622.528531551358	1.2394609e-16
5626.045641899106	1.01503366e-16
5629.562752246854	7.4004766e-17
5633.079862594602	6.449366e-17
5636.59697294235	6.640703e-17
5640.114083290097	5.2764687e-17
5643.631193637845	6.604333e-17
5647.148303985593	9.886771e-17
5650.665414333341	2.4933919e-17
5654.182524681089	-4.4451665e-18
5657.699635028836	4.8497692e-17
5661.216745376584	8.024128e-17
5664.733855724332	8.307427e-17
5668.25096607208	5.2068647e-17
5671.768076419828	3.7100675e-17
5675.285186767575	7.4424755e-17
5678.802297115323	1.1376158e-16
5682.319407463071	1.0313959e-16
5685.836517810819	5.8954294e-17
5689.353628158567	5.7890586e-17
5692.870738506314	1.2913246e-16
5696.387848854062	1.391369e-16
5699.90495920181	7.996339e-17
5703.422069549558	8.0235686e-17
5706.939179897306	6.689572e-17
5710.456290245053	-4.306231e-18
5713.973400592801	3.1690788e-17
5717.490510940549	8.1510424e-17
5721.007621288297	2.299954e-17
5724.524731636045	5.233726e-17
5728.041841983792	5.234062e-17
5731.55895233154	4.5110017e-17
5735.076062679288	1.02654815e-16
5738.593173027036	2.935819e-17
5742.110283374784	-6.16981e-17
5745.627393722531	-2.4046089e-17
5749.144504070279	6.8882215e-17
5752.661614418027	1.1493889e-16
5756.178724765775	1.1619828e-16
5759.695835113523	3.785096e-17
5763.2129454612705	-2.294833e-17
5766.730055809018	3.833223e-17
5770.247166156766	1.01906316e-16
5773.764276504514	1.1443345e-16
5777.281386852262	8.70149e-17
5780.7984972000095	2.5297828e-17
5784.315607547757	6.1180565e-18
5787.832717895505	5.1281194e-17
5791.349828243253	3.0622954e-17
5794.866938591001	-6.43983e-18
5798.3840489387485	2.2977296e-17
5801.901159286496	4.503846e-17
5805.418269634244	4.8604018e-17
5808.935379981992	1.0589361e-16
5812.45249032974	9.6273824e-17
5815.9696006774875	1.4937683e-16
5819.486711025235	8.0306644e-17
5823.003821372983	4.4346225e-17
5826.520931720731	7.670663e-17
5830.038042068479	7.19032e-17
5833.5551524162265	8.405394e-17
5837.072262763974	1.01499336e-16
5840.589373111722	7.231048e-17
5844.10648345947	5.302003e-17
5847.623593807218	5.4416636e-17
5851.1407041549655	4.6507446e-17
5854.657814502713	6.976471e-17
5858.174924850461	4.9315247e-17
5861.692035198209	2.588111e-17
5865.209145545957	5.2533225e-17
5868.726255893705	1.2011318e-16
5872.243366241452	1.3242054e-16
5875.7604765892	1.05606764e-16
5879.277586936948	6.854044e-17
5882.794697284696	8.3850174e-17
5886.311807632444	8.3807696e-17
5889.828917980191	6.8332795e-17
5893.346028327939	9.566575e-17
5896.863138675687	8.269393e-17
5900.380249023435	8.4606687e-17
5903.897359371183	9.631386e-17
5907.41446971893	1.01959546e-16
5910.931580066678	1.1348553e-16
5914.448690414426	8.0547116e-17
5917.965800762174	4.8816428e-17
5921.482911109922	7.4456454e-18
5925.000021457669	7.564086e-17
5928.517131805417	4.4121847e-17
5932.034242153165	9.527641e-18
5935.551352500913	9.932953e-17
5939.068462848661	8.7473265e-17
5942.585573196408	7.281833e-17
5946.102683544156	1.1634295e-16
5949.619793891904	9.025497e-17
5953.136904239652	5.5597304e-17
5956.6540145874	7.707066e-17
5960.171124935147	1.0413755e-16
5963.688235282895	4.6872643e-17
5967.205345630643	5.8569853e-17
5970.722455978391	7.208487e-17
5974.239566326139	9.458013e-17
5977.756676673886	8.245966e-17
5981.273787021634	7.637371e-17
5984.790897369382	9.091206e-17
5988.30800771713	5.2310826e-17
5991.825118064878	7.348748e-17
5995.342228412625	8.703468e-17
5998.859338760373	6.660742e-17
6002.376449108121	1.0891739e-16
6005.893559455869	1.555103e-16
6009.410669803617	1.5067276e-16
6012.9277801513645	9.26487e-17
6016.444890499112	2.8085948e-17
6019.96200084686	3.438978e-17
6023.479111194608	3.9031447e-17
6026.996221542356	6.147787e-17
6030.5133318901035	8.387538e-17
6034.030442237851	6.3634885e-17
6037.547552585599	9.065808e-17
6041.064662933347	1.0960678e-16
6044.581773281095	1.09882765e-16
6048.0988836288425	8.561346e-17
6051.61599397659	7.103249e-17
6055.133104324338	9.131755e-17
6058.650214672086	1.1053696e-16
6062.167325019834	8.391543e-17
6065.6844353675815	3.4668304e-17
6069.201545715329	7.354021e-17
6072.718656063077	1.0797467e-16
6076.235766410825	7.813368e-17
6079.752876758573	5.760027e-17
6083.2699871063205	5.4557935e-17
6086.787097454068	4.667992e-17
6090.304207801816	9.196502e-17
6093.821318149564	9.3021754e-17
6097.338428497312	1.3492633e-16
6100.8555388450595	8.3382684e-17
6104.372649192807	3.7739507e-17
6107.889759540555	2.5349827e-17
6111.406869888303	5.704216e-17
6114.923980236051	5.4891212e-17
6118.4410905837985	8.3662814e-17
6121.958200931546	7.936084e-17
6125.475311279294	1.1781389e-16
6128.992421627042	1.1948612e-16
6132.50953197479	9.35398e-17
6136.026642322538	7.153773e-17
6139.543752670285	9.374564e-17
6143.060863018033	1.03220765e-16
6146.577973365781	7.723607e-17
6150.095083713529	7.710661e-17
6153.612194061277	9.4295447e-17
6157.129304409024	1.1788442e-16
6160.646414756772	1.5328571e-16
6164.16352510452	8.0922914e-17
6167.680635452268	3.607271e-17
6171.197745800016	5.018976e-17
6174.714856147763	7.9727724e-17
6178.231966495511	4.1084453e-17
6181.749076843259	2.3542695e-17
6185.266187191007	3.9670196e-17
6188.783297538755	4.402288e-17
6192.300407886502	1.01963034e-16
6195.81751823425	1.1555957e-16
6199.334628581998	1.1420787e-16
6202.851738929746	9.983076e-17
6206.368849277494	8.012129e-17
6209.885959625241	1.4777858e-16
6213.403069972989	1.02015715e-16
6216.920180320737	7.46164e-17
6220.437290668485	8.655347e-17
6223.954401016233	6.7835534e-17
6227.47151136398	8.7010076e-17
6230.988621711728	1.6975661e-16
6234.505732059476	1.1068194e-16
6238.022842407224	5.5086593e-17
6241.539952754972	5.8320475e-17
6245.057063102719	6.87132e-17
6248.574173450467	8.868368e-17
6252.091283798215	8.4741166e-17
6255.608394145963	6.173288e-17
6259.125504493711	4.9704185e-17
6262.642614841458	1.9016305e-17
6266.159725189206	4.0238962e-17
6269.676835536954	8.4524935e-17
6273.193945884702	6.725416e-17
6276.71105623245	4.8440266e-17
6280.2281665801975	9.0354566e-17
6283.745276927945	7.4905175e-17
6287.262387275693	5.1720126e-17
6290.779497623441	8.630726e-17
6294.296607971189	8.654832e-17
6297.8137183189365	6.71456e-17
6301.330828666684	7.187673e-17
6304.847939014432	9.1240894e-17
6308.36504936218	7.168167e-17
6311.882159709928	5.3830542e-17
6315.3992700576755	8.538416e-17
6318.916380405423	1.0424961e-16
6322.433490753171	9.6816045e-17
6325.950601100919	8.7501415e-17
6329.467711448667	5.64378e-17
6332.9848217964145	4.0602197e-17
6336.501932144162	3.0478373e-17
6340.01904249191	7.016851e-17
6343.536152839658	6.6787284e-17
6347.053263187406	7.3222934e-17
6350.5703735351535	1.00624715e-16
6354.087483882901	9.536237e-17
6357.604594230649	9.3259565e-17
6361.121704578397	7.0960496e-17
6364.638814926145	3.958108e-17
6368.1559252738925	3.7506046e-17
6371.67303562164	8.745023e-17
6375.190145969388	9.339173e-17
6378.707256317136	8.191882e-17
6382.224366664884	8.101146e-17
6385.741477012632	5.2873077e-17
6389.258587360379	3.5853952e-17
6392.775697708127	5.449677e-17
6396.292808055875	1.2023414e-16
6399.809918403623	1.4501612e-16
6403.327028751371	9.372216e-17
6406.844139099118	4.9276228e-17
6410.361249446866	9.0446575e-17
6413.878359794614	1.00549984e-16
6417.395470142362	9.054686e-17
6420.91258049011	3.80813e-17
6424.429690837857	3.9262793e-17
6427.946801185605	7.871896e-17
6431.463911533353	9.653391e-17
6434.981021881101	1.2465556e-16
6438.498132228849	1.4084488e-16
6442.015242576596	9.289863e-17
6445.532352924344	9.768478e-17
6449.049463272092	2.8351874e-17
6452.56657361984	-1.32619585e-17
6456.083683967588	8.727406e-17
6459.600794315335	1.1748733e-16
6463.117904663083	9.151972e-17
6466.635015010831	4.6019737e-17
6470.152125358579	4.5901566e-17
6473.669235706327	1.0279224e-16
6477.186346054074	9.316233e-17
6480.703456401822	6.1345825e-17
6484.22056674957	6.3645116e-17
6487.737677097318	3.9359874e-17
6491.254787445066	8.273874e-17
6494.771897792813	8.365113e-17
6498.28900814056	5.153256e-17
6501.806118488308	4.7139974e-17
6505.323228836056	4.5196977e-17
6508.840339183804	6.9537335e-17
6512.3574495315515	6.099454e-17
6515.874559879299	6.9120774e-17
6519.391670227047	8.8310636e-17
6522.908780574795	6.7090224e-17
6526.425890922543	3.3781467e-17
6529.943001270291	4.5954873e-17
6533.460111618038	8.509978e-17
6536.977221965786	5.1273588e-17
6540.494332313534	1.4813283e-17
6544.011442661282	4.3175863e-17
6547.52855300903	6.161716e-17
6551.045663356777	5.2647945e-17
6554.562773704525	4.516993e-17
6558.079884052273	6.4519836e-17
6561.596994400021	7.738299e-17
6565.114104747769	8.1578974e-17
6568.631215095516	6.9816836e-17
6572.148325443265	5.3233582e-17
6575.665435791013	3.941255e-17
6579.182546138761	5.861455e-17
6582.6996564865085	5.0029326e-17
6586.216766834256	4.1657487e-17
6589.733877182004	7.5382796e-17
6593.250987529752	6.821735e-17
6596.7680978775	5.49559e-17
6600.2852082252475	5.5052218e-17
6603.802318572995	9.1432e-17
6607.319428920743	7.856071e-17
6610.836539268491	7.138848e-17
6614.353649616239	9.234858e-17
6617.8707599639865	8.926964e-17
6621.387870311734	3.922174e-17
6624.904980659482	5.2087927e-17
6628.42209100723	9.091818e-17
6631.939201354978	5.7468175e-17
6635.4563117027255	7.384156e-17
6638.973422050473	9.76248e-17
6642.490532398221	9.1494964e-17
6646.007642745969	7.2963775e-17
6649.524753093717	7.6767245e-17
6653.041863441465	9.394295e-17
6656.558973789212	9.2745184e-17
6660.07608413696	8.2356855e-17
6663.593194484708	8.6030986e-17
6667.110304832456	1.1675874e-16
6670.627415180204	8.1324004e-17
6674.144525527951	7.288904e-17
6677.661635875699	1.0720006e-16
6681.178746223447	8.732662e-17
6684.695856571195	9.123206e-17
6688.212966918943	8.656553e-17
6691.73007726669	7.767382e-17
6695.247187614438	7.329002e-17
6698.764297962186	6.846419e-17
6702.281408309934	6.8616227e-17
6705.798518657682	8.845397e-17
6709.315629005429	7.163228e-17
6712.832739353177	3.1996418e-17
6716.349849700925	2.8931267e-17
6719.866960048673	5.5246764e-17
6723.384070396421	1.1034473e-16
6726.901180744168	1.2274953e-16
6730.418291091916	1.014942e-16
6733.935401439664	8.003406e-17
6737.452511787412	7.0390555e-17
6740.96962213516	6.224222e-17
6744.486732482907	7.5737325e-17
6748.003842830655	8.985075e-17
6751.520953178403	8.414042e-17
6755.038063526151	7.872352e-17
6758.555173873899	6.6552934e-17
6762.0722842216455	8.649393e-17
6765.589394569393	1.0424917e-16
6769.106504917141	1.030103e-16
6772.623615264889	8.650993e-17
6776.140725612637	8.592021e-17
6779.657835960385	8.413473e-17
6783.174946308132	7.596376e-17
6786.69205665588	6.73356e-17
6790.209167003628	6.8863335e-17
6793.726277351376	8.189773e-17
6797.243387699124	6.521086e-17
6800.760498046871	7.3934826e-17
6804.277608394619	8.830107e-17
6807.794718742367	1.03289315e-16
6811.311829090115	9.9093815e-17
6814.828939437863	6.678156e-17
6818.34604978561	8.261364e-17
6821.863160133358	1.3048578e-16
6825.380270481106	1.0951977e-16
6828.897380828854	9.249111e-17
6832.414491176602	1.1143216e-16
6835.931601524349	1.3472014e-16
6839.448711872097	1.0295151e-16
6842.965822219845	8.735856e-17
6846.482932567593	1.07516665e-16
6850.000042915341	8.699226e-17
6853.517153263088	5.4406356e-17
6857.034263610836	8.432454e-17
6860.551373958584	1.1482518e-16
6864.068484306332	9.3889076e-17
6867.58559465408	5.856711e-17
6871.102705001827	4.3041728e-17
6874.619815349575	4.3610097e-17
6878.136925697323	8.493806e-17
6881.654036045071	1.05061745e-16
6885.171146392819	4.985249e-17
6888.688256740566	3.158229e-17
6892.205367088314	5.316032e-17
6895.722477436062	8.097557e-17
6899.23958778381	5.6603936e-17
6902.756698131558	3.7127115e-17
6906.273808479305	5.2848133e-17
6909.790918827053	8.852189e-17
6913.308029174801	9.205683e-17
6916.825139522549	8.05343e-17
6920.342249870297	7.620921e-17
6923.8593602180445	5.871524e-17
6927.376470565792	3.968063e-17
6930.89358091354	6.0810494e-17
6934.410691261288	5.375096e-17
6937.927801609036	6.438262e-17
6941.4449119567835	7.9399644e-17
6944.962022304531	6.036064e-17
6948.479132652279	7.27022e-17
6951.996243000027	8.5151865e-17
6955.513353347775	9.5503766e-17
6959.0304636955225	9.7684035e-17
6962.54757404327	1.1049353e-16
6966.064684391018	1.0449825e-16
6969.581794738766	8.735379e-17
6973.098905086514	1.0132127e-16
6976.6160154342615	9.044319e-17
6980.133125782009	7.7436434e-17
6983.650236129757	8.81361e-17
6987.167346477505	5.966907e-17
6990.684456825253	7.2902994e-17
6994.2015671730005	1.0586753e-16
6997.718677520748	6.750459e-17
7001.235787868496	5.965755e-17
7004.752898216244	8.998325e-17
7008.270008563992	7.949032e-17
7011.7871189117395	4.933091e-17
7015.304229259487	4.3995606e-17
7018.821339607235	6.0615617e-17
7022.338449954983	6.475722e-17
7025.855560302731	4.3733982e-17
7029.3726706504785	1.926134e-17
7032.889780998226	2.0715149e-17
7036.406891345974	4.7376545e-17
7039.924001693722	6.443544e-17
7043.44111204147	7.661481e-17
7046.958222389218	1.0423591e-16
7050.475332736965	9.5049643e-17
7053.992443084713	7.696737e-17
7057.509553432461	8.3153284e-17
7061.026663780209	9.0638395e-17
7064.543774127957	6.186693e-17
7068.060884475704	5.7497576e-17
7071.577994823452	6.301208e-17
7075.0951051712	4.6330677e-17
7078.612215518948	2.602206e-17
7082.129325866696	2.819652e-17
7085.646436214443	5.60442e-17
7089.163546562191	7.475534e-17
7092.680656909939	6.271539e-17
7096.197767257687	4.6638372e-17
7099.714877605435	4.836499e-17
7103.231987953182	5.9008676e-17
7106.74909830093	5.942945e-17
7110.266208648678	5.939981e-17
7113.783318996426	7.395678e-17
7117.300429344174	9.3728424e-17
7120.817539691921	9.1119344e-17
7124.334650039669	4.9667233e-17
7127.851760387417	6.626141e-17
7131.368870735165	1.0379268e-16
7134.885981082913	7.903963e-17
7138.40309143066	6.550356e-17
7141.920201778408	8.2060294e-17
7145.437312126156	8.272212e-17
7148.954422473904	5.111032e-17
7152.471532821652	5.268343e-17
7155.988643169399	4.1552267e-17
7159.505753517147	3.0869854e-17
7163.022863864895	6.16527e-17
7166.539974212643	5.657496e-17
7170.057084560391	4.6371434e-17
7173.574194908138	5.108967e-17
7177.091305255886	7.0193984e-17
7180.608415603634	1.0723212e-16
7184.125525951382	7.9585283e-17
7187.64263629913	5.3014283e-17
7191.1597466468775	7.440554e-17
7194.676856994625	8.9262595e-17
7198.193967342373	6.2191985e-17
7201.711077690121	6.704497e-17
7205.228188037869	5.670226e-17
7208.7452983856165	2.1926937e-17
7212.262408733364	5.4693126e-17
7215.779519081112	7.1785546e-17
7219.29662942886	5.199036e-17
7222.813739776608	3.534699e-17
7226.3308501243555	3.0876555e-17
7229.847960472103	5.92225e-17
7233.365070819851	6.8032005e-17
7236.882181167599	5.2963005e-17
7240.399291515347	3.7072065e-17
7243.9164018630945	1.1210056e-17
7247.433512210842	1.6997637e-17
7250.95062255859	6.716066e-17
7254.467732906338	8.1408264e-17
7257.984843254086	5.4173392e-17
7261.5019536018335	4.9027726e-17
7265.019063949581	6.402702e-17
7268.536174297329	5.6946614e-17
7272.053284645077	6.790526e-17
7275.570394992825	5.1049392e-17
7279.0875053405725	2.1659028e-17
7282.60461568832	6.314116e-17
7286.121726036068	5.4558904e-17
7289.638836383816	2.0501226e-17
7293.155946731564	5.172762e-18
7296.673057079312	1.5697153e-17
7300.190167427059	2.3039612e-17
7303.707277774807	1.6055109e-17
7307.224388122555	5.2252563e-17
7310.741498470303	9.6179824e-17
7314.258608818051	8.389499e-17
7317.775719165798	7.437541e-17
7321.292829513546	7.872259e-17
7324.809939861294	4.8507426e-17
7328.327050209042	2.348268e-17
7331.84416055679	3.815527e-17
7335.361270904537	5.3319013e-17
7338.878381252285	8.977469e-17
7342.395491600033	9.522501e-17
7345.912601947781	5.006969e-17
7349.429712295529	2.4114755e-17
7352.946822643276	1.4497591e-17
7356.463932991024	1.960798e-17
7359.981043338772	2.0962586e-17
7363.49815368652	1.2220985e-17
7367.015264034268	4.3035236e-17
7370.532374382015	7.259083e-17
7374.049484729763	7.39464e-17
7377.566595077511	5.6529715e-17
7381.083705425259	6.120965e-17
7384.600815773007	1.00269484e-16
7388.117926120754	1.08915176e-16
7391.635036468502	9.704672e-17
7395.15214681625	5.117355e-17
7398.669257163998	3.303005e-17
7402.186367511746	5.3670737e-17
7405.703477859493	4.538867e-17
7409.220588207241	4.8986754e-17
7412.737698554989	7.030886e-17
7416.254808902737	4.1280078e-17
7419.771919250485	4.945307e-18
7423.289029598232	3.018578e-17
7426.80613994598	6.496527e-17
7430.323250293728	6.497149e-17
7433.840360641476	5.8169895e-17
7437.357470989224	6.5734455e-17
7440.8745813369715	5.84763e-17
7444.391691684719	5.258957e-17
7447.908802032467	3.8839333e-17
7451.425912380215	3.8435774e-17
7454.943022727963	3.398603e-17
7458.4601330757105	4.3443824e-17
7461.977243423458	6.592151e-17
7465.494353771206	5.4724615e-17
7469.011464118954	7.7613186e-17
7472.528574466702	9.604229e-17
7476.0456848144495	6.609127e-17
7479.562795162197	4.986103e-17
7483.079905509945	6.9990385e-17
7486.597015857693	7.508803e-17
7490.114126205441	6.8101767e-17
7493.6312365531885	8.296011e-17
7497.148346900936	7.5493817e-17
7500.665457248684	5.80574e-17
7504.182567596432	7.0748096e-17
7507.69967794418	4.6511575e-17
7511.2167882919275	2.1663662e-17
7514.733898639675	4.9910454e-17
7518.251008987423	6.699324e-17
7521.768119335171	6.158609e-17
7525.285229682919	6.222775e-17
7528.8023400306665	6.6879915e-17
7532.319450378414	8.262649e-17
7535.836560726162	7.6698946e-17
7539.35367107391	6.018842e-17
7542.870781421658	4.539962e-17
7546.3878917694055	5.4154138e-17
7549.905002117153	7.747461e-17
7553.422112464901	6.703684e-17
7556.939222812649	7.322716e-17
7560.456333160397	6.5140314e-17
7563.973443508145	1.5545439e-17
7567.490553855892	5.4045106e-17
7571.00766420364	1.1403718e-16
7574.524774551388	8.55025e-17
7578.041884899136	7.683019e-17
7581.558995246884	7.0922406e-17
7585.076105594631	4.5431922e-17
7588.593215942379	2.0838347e-17
7592.110326290127	2.4026291e-17
7595.627436637875	4.3102135e-17
7599.144546985623	1.3969246e-17
7602.66165733337	1.768386e-17
7606.178767681118	5.752813e-17
7609.695878028866	4.251435e-17
7613.212988376614	3.6234392e-17
7616.730098724362	4.8641727e-17
7620.247209072109	1.7574178e-17
7623.764319419857	3.580577e-17
7627.281429767605	5.4041893e-17
7630.798540115353	5.020987e-17
7634.315650463101	3.497356e-17
7637.832760810848	2.759176e-17
7641.349871158596	4.7260174e-17
7644.866981506344	2.4762067e-17
7648.384091854092	1.4542942e-17
7651.90120220184	2.8285785e-17
7655.418312549587	4.195187e-17
7658.935422897335	5.3225734e-17
7662.452533245083	4.368233e-17
7665.969643592831	3.5587404e-17
7669.486753940579	4.8910316e-17
7673.003864288326	4.9210315e-17
7676.520974636074	3.461465e-17
7680.038084983822	5.5361928e-17
7683.55519533157	8.807243e-17
7687.072305679318	9.467569e-17
7690.589416027065	8.72052e-17
7694.106526374813	5.4815545e-17
7697.623636722561	5.658305e-17
7701.140747070309	5.805018e-17
7704.657857418057	4.1070934e-17
7708.1749677658045	9.2835665e-17
7711.692078113552	1.0937103e-16
7715.2091884613	8.9087153e-17
7718.726298809048	8.706708e-17
7722.243409156796	6.174801e-17
7725.7605195045435	5.938528e-17
7729.277629852291	7.101337e-17
7732.794740200039	5.4532745e-17
7736.311850547787	3.9141786e-17
7739.828960895535	5.2334248e-17
7743.3460712432825	4.7763572e-17
7746.86318159103	3.083291e-17
7750.380291938778	4.451329e-17
7753.897402286526	2.9650686e-17
7757.414512634274	5.2304375e-18
7760.9316229820215	1.8418804e-17
7764.448733329769	4.873092e-17
7767.965843677517	6.9610564e-17
7771.482954025265	7.263911e-17
7775.000064373013	7.141866e-17
7778.5171747207605	6.566989e-17
7782.034285068508	6.5854026e-17
7785.551395416256	6.5378046e-17
7789.068505764004	6.791805e-17
7792.585616111752	7.394853e-17
7796.1027264594995	7.456892e-17
7799.619836807247	7.5825946e-17
7803.136947154995	6.9766226e-17
7806.654057502743	5.634158e-17
7810.171167850491	4.5338272e-17
7813.688278198239	1.7079629e-17
7817.205388545986	6.163901e-18
7820.722498893734	2.737895e-17
7824.239609241482	1.1180471e-17
7827.75671958923	1.7055023e-17
7831.273829936978	4.0180993e-17
7834.790940284725	3.384186e-17
7838.308050632473	5.1791532e-17
7841.825160980221	7.512642e-17
7845.342271327969	9.578682e-17
7848.859381675717	7.7801386e-17
7852.376492023464	6.5259217e-17
7855.893602371212	7.982422e-17
7859.41071271896	3.839922e-17
7862.927823066708	1.8871603e-17
7866.444933414456	5.178632e-17
7869.962043762203	5.5151086e-17
7873.479154109951	6.243014e-17
7876.996264457699	7.6113765e-17
7880.513374805447	7.3997156e-17
7884.030485153195	7.057312e-17
7887.547595500942	6.00262e-17
7891.06470584869	3.4900454e-17
7894.581816196438	2.3159507e-17
7898.098926544186	3.5537744e-17
7901.616036891934	1.9632981e-17
7905.133147239681	-1.0352605e-17
7908.650257587429	2.3158096e-17
7912.167367935177	9.1722663e-17
7915.684478282925	7.5826694e-17
7919.201588630673	3.8684994e-17
7922.71869897842	4.074055e-17
7926.235809326168	5.4609438e-17
7929.752919673916	9.823875e-17
7933.270030021664	1.4641514e-16
7936.787140369412	8.4641296e-17
7940.304250717159	3.5883803e-17
7943.821361064907	5.74886e-17
7947.338471412655	4.8104106e-17
7950.855581760403	7.2041694e-17
7954.372692108151	7.9094706e-17
7957.8898024558985	4.932236e-17
7961.406912803646	5.1025824e-17
7964.924023151394	7.862764e-17
7968.441133499142	9.075887e-17
7971.95824384689	7.036098e-17
7975.4753541946375	7.352758e-17
7978.992464542385	1.02057054e-16
7982.509574890133	1.078282e-16
7986.026685237881	5.7344806e-17
7989.543795585629	2.100775e-17
7993.0609059333765	3.8802066e-17
7996.578016281124	5.036129e-17
8000.095126628872	5.2666044e-17
8003.61223697662	4.4566337e-17
8007.129347324368	2.7181474e-17
8010.6464576721155	3.2403573e-17
8014.163568019863	3.496134e-17
8017.680678367611	3.0962816e-17
8021.197788715359	4.2527536e-17
8024.714899063107	5.814084e-17
8028.2320094108545	6.5819066e-17
8031.749119758602	7.2144615e-17
8035.26623010635	5.49675e-17
8038.783340454098	2.9548582e-17
8042.300450801846	4.165745e-17
8045.8175611495935	1.9822002e-17
8049.334671497341	5.105647e-18
8052.851781845089	3.2164385e-17
8056.368892192837	4.640886e-17
8059.886002540585	4.961631e-17
8063.4031128883325	3.6775765e-17
8066.92022323608	2.542292e-17
8070.437333583828	3.3816493e-17
8073.954443931576	5.912872e-17
8077.471554279324	7.96894e-17
8080.988664627072	5.867125e-17
8084.505774974819	3.0945224e-17
8088.022885322567	3.8813356e-17
8091.539995670315	5.4115205e-17
8095.057106018063	5.703557e-17
8098.574216365811	5.122824e-17
8102.091326713558	5.698672e-17
8105.608437061306	5.767524e-17
8109.125547409054	2.918551e-17
8112.642657756802	3.8013687e-17
8116.15976810455	4.6383915e-17
8119.676878452297	3.7758243e-18
8123.193988800045	1.5929766e-17
8126.711099147793	5.674417e-17
8130.228209495541	6.8162905e-17
8133.745319843289	4.3407603e-17
8137.262430191036	2.6052343e-17
8140.779540538784	4.817709e-17
8144.296650886532	2.3070583e-17
8147.81376123428	4.504938e-18
8151.330871582028	4.0998793e-17
8154.847981929775	4.9152402e-17
8158.365092277523	4.6435845e-17
8161.882202625271	4.520538e-17
8165.399312973019	2.2383205e-17
8168.916423320767	1.4205899e-17
8172.433533668514	3.442178e-17
8175.950644016262	3.337824e-17
8179.46775436401	1.317943e-17
8182.984864711758	4.3693013e-17
8186.501975059506	5.785066e-17
8190.019085407253	3.392584e-17
8193.536195755001	2.2842414e-17
8197.053306102749	1.7142817e-17
8200.570416450497	3.2665217e-17
8204.087526798245	1.8978265e-17
8207.604637145992	7.133171e-19
8211.12174749374	2.0329079e-17
8214.638857841488	3.8064063e-17
8218.155968189236	5.549863e-17
8221.673078536984	2.7146711e-17
8225.190188884731	1.8868441e-17
8228.70729923248	4.7634142e-17
8232.224409580227	3.7097667e-17
8235.741519927975	4.15002e-17
8239.258630275723	4.8572873e-17
8242.77574062347	3.9040486e-17
8246.292850971218	4.616047e-17
8249.809961318966	5.61138e-17
8253.327071666714	4.1378618e-17
8256.844182014462	5.245262e-17
8260.36129236221	5.568773e-17
8263.878402709957	6.398138e-17
8267.395513057705	1.1176403e-16
8270.912623405453	1.2172775e-16
8274.4297337532	7.63485e-17
8277.946844100949	1.9619305e-17
8281.463954448696	2.2880693e-18
8284.981064796444	1.22471485e-17
8288.498175144192	1.8638278e-17
8292.01528549194	4.5565942e-17
8295.532395839688	4.6545357e-17
8299.049506187435	9.57632e-18
8302.566616535183	6.3236266e-18
8306.083726882931	2.7799598e-17
8309.600837230679	3.691848e-17
8313.117947578427	5.127648e-17
8316.635057926174	6.7517466e-17
8320.152168273922	5.234525e-17
8323.66927862167	2.176241e-17
8327.186388969418	4.4093918e-17
8330.703499317166	6.7687515e-17
8334.220609664913	2.3260904e-17
8337.737720012661	9.224647e-18
8341.254830360409	6.218638e-17
8344.771940708157	7.5768255e-17
8348.289051055905	2.6059713e-17
8351.806161403652	2.185569e-17
8355.3232717514	4.3941045e-17
8358.840382099148	2.800514e-18
8362.357492446896	-3.9506332e-18
8365.874602794644	3.9854604e-17
8369.391713142391	4.0409216e-17
8372.90882349014	4.161609e-17
8376.425933837887	4.5530373e-17
8379.943044185635	2.8898467e-18
8383.460154533383	1.61895e-17
8386.97726488113	5.572683e-17
8390.494375228878	3.455029e-17
8394.011485576626	2.0000382e-17
8397.528595924374	2.7333345e-17
8401.045706272122	3.287443e-17
8404.56281661987	2.5012861e-17
8408.079926967617	1.6134575e-17
8411.597037315365	4.548512e-17
8415.114147663113	6.8824994e-17
8418.63125801086	2.6881702e-17
8422.148368358608	-1.3061833e-17
8425.665478706356	1.9962803e-17
8429.182589054104	4.8849538e-17
8432.699699401852	2.5181343e-17
8436.2168097496	2.9644039e-19
8439.733920097347	3.2850124e-18
8443.251030445095	3.839002e-18
8446.768140792843	2.1600379e-17
8450.28525114059	3.3780236e-17
8453.802361488339	2.1638603e-17
8457.319471836086	2.5092608e-17
8460.836582183834	4.070973e-17
8464.353692531582	5.2679404e-17
8467.87080287933	5.9294616e-17
8471.387913227078	5.819814e-17
8474.905023574825	5.4360702e-17
8478.422133922573	3.2663543e-17
8481.939244270321	7.769101e-18
8485.456354618067	3.008925e-17
8488.973464965815	6.9295964e-17
8492.490575313563	6.977208e-17
8496.00768566131	6.087135e-17
8499.524796009058	4.3875546e-17
8503.041906356806	1.4843005e-17
8506.559016704554	1.9615503e-17
8510.076127052302	7.409508e-18
8513.59323740005	-1.3251469e-17
8517.110347747797	-1.7000336e-18
8520.627458095545	3.4381114e-17
8524.144568443293	6.227658e-17
8527.66167879104	4.0734953e-17
8531.178789138788	2.0412523e-17
8534.695899486536	2.4530304e-17
8538.213009834284	2.4613284e-17
8541.730120182032	2.868873e-17
8545.24723052978	3.3583288e-17
8548.764340877528	5.1438716e-17
8552.281451225275	5.863938e-17
8555.798561573023	4.2563124e-17
8559.315671920771	3.440071e-17
8562.832782268519	3.5536596e-17
8566.349892616267	3.364542e-17
8569.867002964014	3.8838274e-17
8573.384113311762	7.6459547e-17
8576.90122365951	7.7556825e-17
8580.418334007258	3.209427e-17
8583.935444355006	4.69104e-17
8587.452554702753	8.751471e-17
8590.969665050501	6.159803e-17
8594.486775398249	2.5155244e-17
8598.003885745997	3.9670874e-17
8601.520996093745	5.3216387e-17
8605.038106441492	5.808512e-17
8608.55521678924	3.9936085e-17
8612.072327136988	3.1204767e-17
8615.589437484736	2.6276883e-17
8619.106547832484	3.901959e-19
8622.623658180231	-9.194694e-18
8626.14076852798	2.858713e-17
8629.657878875727	5.369893e-17
8633.174989223475	3.8589196e-17
8636.692099571223	4.6761648e-17
8640.20920991897	2.824851e-17
8643.726320266718	1.1747113e-17
8647.243430614466	3.6078012e-17
8650.760540962214	4.3370688e-17
8654.277651309962	6.860649e-17
8657.79476165771	9.7391736e-17
8661.311872005457	4.8575553e-17
8664.828982353205	8.186129e-18
8668.346092700953	6.81633e-17
8671.8632030487	8.151379e-17
8675.380313396448	-6.4627344e-18
8678.897423744196	-3.130237e-17
8682.414534091944	2.1332141e-17
8685.931644439692	1.3755949e-17
8689.44875478744	7.722043e-18
8692.965865135187	5.0969586e-17
8696.482975482935	5.4834967e-17
8700.000085830683	3.799747e-17
